17
00000000000000000000
0S000000000000000000
01111000000000000000
01010101010101010101
01100110011001100110
00110110001110011100
00011100000000000000
01111111111111111111
01111111110000000000
00000000010000000000
00101010110010010100
00000011111110000000
01110000000010001000
01000000000010001000
01011111111010001000
01111111111111111000
00000000000000001000
01010101010101011111
01111111111111111111
0111111111000000000E

11111111111111111111
0SE00000000000000000
01111000000000000000
01010101010101010101
01100110011001100110
00110110001110011100
00011100000000000000
01111111111111111111
01111111110000000000
00000000010000000000
00101010110010010100
00000011111110000000
01110000000010001000
01000000000010001000
01011111111010001000
01111111111111111000
00000000000000001000
01010101010101011111
01111111111111111111
01111111110000000000

0111111111111111111S
01000000000000000000
01111000000000000000
01010101010101010101
01100110011001100110
00110110001110011100
00011100000000000000
01111111111111111111
01111111110000000100
00010000010000000100
00111010110010010100
00010011111110001100
01110000000010001000
01000000000010001000
01011111111010001000
01111111111111111000
0000000E000000001000
01010101010101011111
01111111111111111111
01111111110000000000

11111111111111111111
1S000000000000000001
10000000000000000001
11000000000000000001
11100000000000000001
10000000000000000001
10000000000000000001
11111111111111111111
10000000000000000001
10000000010000000001
11101010110010010111
10000000000000000001
11110000000000001001
11000000000000001001
11011111111000001001
10000000000000000001
10000000E11000000001
10000000011000000001
10000000001000000001
11111111111111111111

00000000000000000000
0S000000000000000000
01111000000000000000
01010101010101010101
01100110011001100110
00110110001110011100
00011100000000000000
01111111111111111111
01111111110000000000
00000000010000000000
00101010110010010100
000000111111100E0000
01110000000010001000
01000000000010001000
01011111111010001000
01111111111111111000
00000000000000001000
01010101010101011111
01111111111111111111
01111111110000000000

00000000000000000000
0S000000000000000000
01111000000000000000
01010101010101010101
01100110011001100110
00110110001110011100
00011100000000000000
01111111111111111111
01111111110000000000
00000000010000000000
00101010110010010100
00000011111110000000
01110000000010001000
01000000000010001000
01011111111010001000
01111111111111111000
00000000000000001000
01010101010101011111
01111111111111111111
0111111111111111111E

00000000000000000000
00000000000000000000
00000000000000000000
00000000000000000000
00000000000000000000
00000000000000000000
00000000000000000000
00000000000000000000
00000000000000000000
00000000000000000000
00000000S00000000000
00000000000000000000
00000000000000000000
00000000000000000000
00000000000E00000000
00000000000000000000
00000000000000000000
00000000000000000000
00000000000000000000
00000000000000000000

00000000000000000000
00000000000000000000
00000000000000000000
00000000000000000000
00000000000000000000
00000000000000000000
00000000000000000000
00000000000000000000
00000000000000000000
00000000000000000000
00000000SE0000000000
00000000000000000000
00000000000000000000
00000000000000000000
00000000000000000000
00000000000000000000
00000000000000000000
00000000000000000000
00000000000000000000
00000000000000000000

00E10011111111111111
00110011111111111101
00111000000000000101
00001111111111110101
00000000000000010101
00000000000000010101
00011111111111110101
00010000000000000101
00010011111111110101
00010010000000010101
00011011111111111101
00001100000000000001
00000111111111111111
00000011000000000000
00000001111000000000
00000000001000000000
00000000001000000000
00000000001111111000
00000000000001111000
000000000000011S1000

S1111111111111111111
00000000000000000001
11111111111111111111
10000000000000000000
11111111111111111111
00000000000000000001
11111111111111111111
10000000000000000000
11111111111111111111
00000000000000000001
11111111111111111111
10000000000000000000
11111111111111111111
00000000000000000001
11111111111111111111
10000000000000000000
11111111111111111111
00000000000000000001
E1011101110111011101
01110111011101110111

E1111111111111111111
00000000000000000001
11111111111111111111
10000000000000000000
11111111111111111111
00000000000000000001
11111111111111111111
10000000000000000000
11111111111111111111
00000000000000000001
11111111111111111111
10000000000000000000
11111111111111111111
00000000000000000001
11111111111111111111
10000000000000000000
11111111111111111111
00000000000000000001
S1011101110111011101
01110111011101110111

S1111111111111111111
11000000000000000001
11100000000000000001
10110000000000000001
10011000000000000001
10001100000000000001
10000110000000000001
10000011000000000001
10000001100000000001
10000000110000000001
10000000011000000001
10000000001100000001
10000000000110000001
10000000000011000001
10000000000001100001
10000000000000110001
10000000000000011001
10000000000000001101
100000000000000001E1
11111111111111111110

00000000000000000000
00000000000000000000
00000000000000000000
00000000000000000000
00000000000000000000
00000000000000000000
00000000000000000000
00000000000000000000
00000000111110000000
00000000100010000000
00000000S000E0000000
00000000100010000000
00000000111110000000
00000000000000000000
00000000000000000000
00000000000000000000
00000000000000000000
00000000000000000000
00000000000000000000
00000000000000000000

11100000000000000000
1S111111111111111000
11100001000000001000
10100001110000001000
10100000010000001000
10100000010000001000
10100000010000001000
10110000010000001000
10010000111110001000
10110000100010001000
10100000100010001000
10100000100010001000
10100000111110001000
10100000100000001000
10100000100000001000
10100000100000001000
1E111111111110001000
00000000000010001000
00000000000011111000
00000000000000000000

11100000000000000000
10111111111111111000
11100001000000001000
10100001110000001000
10100000010000001000
10100000010000001000
10100000010000001000
10110000010000001000
10010000111110001000
10110000100010001000
10100000100010001000
10100000100010001000
10100000111110001000
10100000100000001000
10100000100000001000
10100000100000001000
10111111111110001000
00000000000010001000
00000000000011111000
00000000000000000000

S1100000000000000000
10111111111111111000
11100001000000001000
10100001110000001000
10100000010000001000
10100000010000001000
10100000010000001000
10110000010000001000
10010000111110001000
10110000100010001000
10100000100010001000
10100000100010001000
10100000111110001000
10100000100000001000
10100000100000001000
10100000100000001000
10111111111110001000
00000000000010001000
00000000000011111000
00000000000000000000

S1111111111111111111
11111111111111111111
11111111111111111111
11111111111111111111
11111111111111111111
11111111111111111111
11111111111111111111
11111111111111111111
11111111111111111111
11111111111111111111
11111111111111111111
11111111111111111111
11111111111111111111
11111111111111111111
11111111111111111111
11111111111111111111
11111111111111111111
11111111111111111111
11111111111111111111
1111111111111111111E