40
75 37 50 99 46 36 70 92 92 36 26 22 14 28 75  0 59  7 41  0  8  3 90 10 89 26  9 99 72 66 94  4 94  1 60 83 72 12 37 57
43 67 69 12 67 86 89 72 22 99 76 37 92 48 20 79 16 67 98 65 64 24 31 66 23 81 84 32 95 30 90 83 87 71 88 91 15 25 50 45
17 89 88 61 16 77 29 23 54 28 82 23 41 95 35 49 81 65 27 30 20 64  6 98 38 42 53 84 98 74 58 80 92 14 17 69 41 55 48 14
84 16 72 40 27 47  0 68  9 53 50 21 60 95 44 29 35 18 46 48 62  3 31  1 48 59 83 95 22 36 29 54 92 22 73  5 78  5 11 75
 6 33  9 28 45 21 51 99 21 66 57 70 93 52 95 57 96 28 88 96 22 14 81 14 44 93 98 21 38 94 89 59 28 39 34  5 36  0 40 95
71 62 24 15 29 11 55 80 32 21 46  9 43 58 17 28 25 39 49 97 87 93 86 20 91  8 44 31 30 25 33 95 17 53 75 26 88 81 11  9
61  7  0 94 39 82  8 20 13  0  6 81 13 69 54 36 96 59 85 71  3 20 75 83 48 99 51 71 57  2 83 82 28 72 85 93 20 21 41 39
46 21 79 88 89 94 15 67 95 16 94 21 47 97 26 93 34 57 90  1  3 85 42 76 37 42 21 80 72 64 26 21  9 78 22 36 27 39 62  2
64 92 92  8 60 71 70 82 52 29 34  6 39 55 21 42  8 43 97 20 88 29 74 32  0 73  8 85 39 97 96 51 64 68 22 80 37 23 33 71
21 17  1 29 97 17 14 95 55  8 18 97 43 66 27 81 91 15 51 56 36 51 22 19 88 81 43 21 45 29 79  6 89 73 63 11 21 63 20 97
24 43 41 72 94 75 50 24  4  6 60 17 77 10 29 44  3 45 18 83 13 34 99 15 30 39 94 54 31 82 80 43 13 14 52 22 98 71  5 78
98 47 29 69 66 53 41 92 71 25 67 64 54 33 47 96 48 37 76 23 77 16 90 17 57 37 98 14 98  1 19 49 42 39 41 40 61 81 81 37
13 65 36  0 72 34 40 35 10 13  0 63 45 47 32 63 56 30 19 69 98 38 44 50 63 98 46  3 97 73 40 16 57 25 94 45 52 93 20 34
30 12 38 73 87 47 26 58 39 60 98 97 11 19 51  8 71 69 20 82 89 21 68 69 94  3 17 24 52 83  6 56 58  9 34 92 48 79 90 31
29 93 49 36 89 33 14 65 49 35 62 89 22 15 14 92 58 67 62 46 83 84 40 57 20 99  4 66 54 18 59 32 25 49 26 50 37  9 21  9
37 61 88 24 76 43 22 88 24 46 61  2 63 56 12 17 38 31 84 64 69 30 30  5 74 68 54 75 64 96 16 85 51 78 89 96 83 48 14 13
49 31 94  5 55 43  1 68 97 38 45 43 94 36 71 54 14 78 15 92 22  1 61 65 39 95 94 64 59 34 37 30 95  3 91 37 42 18 84 60
82 92 57 76 63 28  8  6 45 14 94 45 87 99  1 25 55 87  5 15 68 62 74 10  3 34 61 12  8 41 28 84  4 85  9 52 28 44 99  3
69 51 23 75 32 79 29 81 34  7 92 26 57 55 79 77 45 92 33 78 50 59 27 89 23 78 71 15 31 53 25 90 33 78 32 60 99 63 64 40
54 86 45  1 74 66 80 82 52 68  4  9 13 70 55 89 44 84 47 19  9 86 62  3 79 50 78 27  5 52 89 30 58 71 95  7 79 60 85 53
92 93 96 19 12 96 33 39 59 91 84 96 49 50 48 69 29 12 80 49  7 21 65 67 37 88 66 36 22 25 42 30 13 13 71 61 95 33 57  4
92 45 19  8 62 78 80 21 90 18 46 81 27 41 23 42 37 22 29 41 39 77 92 41 63 87 22 20 21 87 33 97  9 57 45 48 98 77 32 72
32 98 65 71 20 83 14 32 19 74 40 43 97 67 82 79  1  8 36 55 25 35 64 38 12  3 43 50 85 34 91 67 24 73 98 16 64  5 61 13
99  3 56 85 72 88 34 53 97 82 23 41 84  0 97 30 93 78 77 29 53 76 38 52 67 27  3 34 30 39 21 71 17 74 55 69 39 86 26  3
61 48 42 60 63 95 38 59 70 26 94 27 90 37 65  9 12 45 23 72 13  1 44 78  5 55 21 90 63 10 64 62 38 23 70 84 33 81 32 60
60 92 23 31 71 92 17 95 60 58  2 15 67 32 11 46 86 95 21 78 50  9 32 62 74 55 97 54 31 93 56 49 65 80 20 31 38 49 27 79
52 96 89 73 72 32 79 20 55 21 93 30 22 60 92 40 52 57 74 95 31 70 95 66 63  2 31 62  3 95 63 53 22 12 38 46  5 36 73  7
43 72  5 52 16 49  8 78 70 32 90 14  2 95 52 37 82 77 18 68  8 97 33 58 37 79 36  2 80 25 41 24 99 54 52 91 37 46 83 92
23 92 69 28 86 56 89 16  7 75 43 53 78 89 27 89 27 64 41 99 73  3 30 96 63 30 48 26 45 42 61 51  9 99 41 31 48 26 62 76
54  2 32 27 53  8 69  6 22  1 60 79 85 14 46 39 91 92 34 98 54 70 22 21 42 57 21 85 36 66 97 24 53 67 57  1 67 16 27  7
32 58 78 50 28 95 30 77 45  0 45 71 60 25  8 28 43 82 99 22 97  9 57 90  3 13 24 71 58 41 11 90 71 72 39  1 70 91 67 61
90 16 43 86 67 70 47 38  7  2 16 26 29 38 76 33 62 92 96 48 69 81 33 52 31 46 95 89  4 69 48 90  6 17 24 81 53 43 36 61
32  3 25 30 81 43 56 94 80 33 13 58 77 80 66 49  4 47 20 90 37 75  8 19 87 67 76 35  5 12 21 33 41 28 92 71  5 15 38 85
42 39 55 85 54 34 18 20 60 21 65 75 85 14 98  4 35  1 17 31 16 21 27 35 80 52 43 80 84 85 43 73 41 66 26 46 44 84 40 74
40 41 43 34  9 71  7 10 32  4 29 16  2 31  1  9 21 51 28 81 29 94  6  7 20  6 68  4  4 91 45 22 70 36 76 94 84 67 59 64
88 36 84 39 13 46 28  7 52 70 20 73 94 43  7 56 61 73 34 15 35 39 79 86 31 18 50 69 51 53 28 67 52 38 91 33 99 41 99 81
67 69 77 75 50 86 73 14 26 15 47 74 99 94 37 46 87 89 16 78 16  6 16 60 85 74 10 82 82 99 43 71 37 83 86 46 35 85 69  0
62 69 28 66 57 74 44 96  6 11 45 72 68  5 40 77 90 17 35 46 21 72 27 39 96  0 91  6 15 89 62 39 72 59 81 65 63 73 25 16
72 50 58  8 47 61 65 49 11 34 19 87  9 37 30 20 96 15  6 37 12 34 42 81 42 73 80 12 15 80 92  2  7 46 15 92  7 31 37 80
50 19  3 71 17  9 10 21 19 70 64 34 84 42 50 16 56  7 81 19 22 12 66 44 95 20 63 47 23 44 95 57 16 55 35 15 64 71  9 58
