30
35 79 39 91 98 75  7 77 26  5 61 59 11 11  1 33 33 84 29 52 30 36 38 61 77 94 44 21  2  9
15 84 36 29 57 29 21 54 71 51 59 25  1  5 54  5 43 47 20 49 50 80 87 81 25 95 23 86 19  4
58 42 39 80 70 35 91 46 26 39 13 63 23 81 99 14 16  6 92 51 52 68 83 71 93 27  9  7 79 62
89 93 18  3 12 86 10 83 75 79 22 83 73 18 32 48 94 67  8  0 88 95 89 91 53 88 15 56 35 87
38 12 79 69 42 21 92 78 41  4 74 77 99 97 68 61 91 62 42 77 23 25 98 64 58 53 77 48 51 96
97 23 22 26 31 76 95  8 15  3 15 54 24 42 29 77 89 20  0 25 43 21  3 72 73 31 69  4 28 53
71 19  2 56 55 37 51 56 89 60  6 76 68 41 56 14  3  3 94 50 61 77 14 11 14 94 28 83 71 28
78 83 51 46 34 21 52 67 85 53 43 90 88 58 45 69 40  5 96 44 76 97 92 43 79 11 78 67 97 54
82 42 53 33 45 30  3 29 54 56  4 49 41 38 41  8  0 53 31 40 92 39 74 92 12 69 67 96 61 79
47 80 72 70 98 34 74 51 40  5 33 84 17 28 17 56 89 20 85 81  1 75  0 58  0 92 47 14 55 57
64 70 68 14 93 87 97 33 66 71 64 72 19  2 99 57 37 97 36 44 18 14 75 87 42 78 13 70  1 67
 3 78  9 88 86 29 59 40 69 62 39 41 67  4 60 20 71 79 18 65 76 67 70 80 83 70 98 72 33 62
69 58 15 78 82  3  6  0 84 18 16 80  0 49 46 47 32 11 88 26 62  3 55 32 27  9  6 48 22 99
 0 28 28 87 20 51 39 95 90  8  7 22 71 69 67 39 97 74 69 37 49 70 99 90  0 38 39 70 89 69
77 12  5 90 65 71 80  9  1 71 12 52 42 69 67  2 91 44 20 91 74 21 63 24 28 21  9 98 20 88
54 48 84 16 98 85 72  7  7 98 95 89 58 23 54 22 61 72  1 60 83 59 11 88 77 71 58  5 16 55
92 34 24 23 98 76  8 11 47 95 10 87 55 70 45 61 11  2 66 82  8  3 90 25 30 67 41 28  1 45
26 36 60 79  2 39 15 53 18 75 23 15  9 64 67 27 59 17 75 89  9 23 37 22 82 58 68 61 14 94
96 26 81 20 61 36 69 40 13 56 58 44 59 84 42 39 72 66 70 94 43 23 51 14 37 36 53 95 26 55
71 80 67 22 32 35 38 97 34 52 87 17 66 21 45 29 18  9 63 90 39 27 15 58 82 93 91  5 52 75
86 55 81 29 50 66 37 30 26 99 77 47 67  8 84 36 14 90 54  0 18 13 83  0 67 69 98 96 82 51
83 62 42  3 35 96 86  2 97 68  4 93 33 91 12  0 84 94 14 55 79 21 15 48 12 26 61 91 39 25
20  0 65 17 16 65 47 22 50 46  3 39 76 71 88 37 59 74 60 39 86 37 10 30 67 79  9  5 61 60
39 54 32 69 59 75 39 17 58 71 51 56 40 73 22 64 18 90 34 57 39 24 80 62 94 52 10 85 93 14
57 29 17 32  1 68 60 43 73 15 90 45 98 32 53 55 89 47 93 19 58 79  5 12 47 53  9 88 14 70
33 37 99 17 28 84 29 47 43 94 62 38 98 69 19  0 10 89 46 24 42 59  4  1 77 98  7  7 24  9
41 75 39 13 72 76 47 32 68 37 41 64 73 32 31 16 93 55 86 24 22 84 34 10 39 44 84 80 80 65
99 34 94 63 86 63 24 47 57 64 51 42 85  5  6 54 61  4 37 95 76 37 50 17 51 43 93  7 55 66
41 75  6 49 25  1 42  5 63 12 70 56 68 10  5 15 83 91 93 80 41 77  7 15 68 18 38  5 92 23
68 61 65 17 91 39 36 39 45 88 70 64 46 84 52 86 50 57  7 77 28 94 32 98  1 30 73 25 33 90
