20
88 22 39 59 20 56 82 25 30 93 62 88 78 81  0 42 78 77 25 97
23 10 86 54 97 46 15 50 16 32 82 67 87 76 86 78 68  0  1 48
61 37 59 34 57 13 41  3 97  3 43  1  7 72 68  8 70 95 24 68
69 65 17 24 91 78 11 53  0 93  4 34 14 41 32 45 77 63  0 89
50 36 71  2  7  2 91 90 67 10 48 14 37 82 60 45 34 92 44 88
85 59 72 71  3 43 60 83 69 16 57 21 41 36 20 63 77 95 66 17
56 23 41 70  5 43 40 98 32 17 29 50 57 16 46 73 72 95 96 66
 8 89 35 75 72 32 79 32 68 65 63 73 41 98 42 74 84 48 68 26
14 47 59 49 70 18 50 68 20 89 93 67 97 82 26 96 87 29 61 19
50 22 35 63 14 87 29 60  0 84 93 17 78 53 14 27 41 64 46 17
73 70 74 39 24 70 68 76 64 71 33 26 90 88 64 58 36 51 27 64
76 17 67 90 85 87 63 18 48 88 49 92 62  7 17 41  5 35 88 13
27 19 55 26 23 18 22 65 95 25 52 23 44 26 63 77 27 53 39 57
88 92 12 51 73 54 92 23 40 78 64 97 14 11 47 40 53 41 14 51
63 81  1 51 46 66 21 98 10 11 87 54 47 70 25 38 51 21 56 70
81 64 95 23 68 56 83  2 59  1 90 83 76 23 69 21 71 93 85 64
 6 45 44 50 37 38 96 16 66 39 53 96 68 21 80  1 58 77 31 30
72 62 22 93 50 97 92 48 55 92 80 14  3 10  7 92 51 83 69 72
16 14 26 60 11 17 53 33 27 26 15 67  5 93 58 68 28 47 26 61
38  3 27 15 65 69 62  9 19 58 76 94 60 78  6  4 44 59 33 35
