50
82 81 12 94 58 35  1 11 59 92 69 71 24 65 32 46 79 32 39 90 61 81 97 88 58  6  0 62 32 14 91 36 30 14 91 97 12 42 67 27 34 86 41 95 51 88 16 88 96 25
 4 84 31 23 36 31 92 86 58 25 89 57 91 43 50 55 82 31 10 50 17 67 94 66 38 84 45  8 87 52 62 35 52 78 84 98 52 44 60 62 15 67 34 83  7 15 10 78 17 82
90 82 28 10 48 33 85 25 50 80 96 96 77 43  4 46 52 53 88  4 16 55 95 13 33 86 62 58 64 91 41 74 39 32 72 80 11 75 31 48 65 66 10 14  5  6 95 47 27 41
29 24 61 70 98 28 86 99 29 57 42 85 91 95 50 22 46 30 47 24 94 69 79 18 40 80  4 12 66 73 47 20 80 62 75 64 78 53 87 54 86 80 10 26 20 50 50 36  6 36
32 31 69 52 81 88 40 95 27 80  2 79 87 91 38 31 39 80 13 72 52 83  3 47 29 22 73 43 92 16  4 15 59 22 75 88 69 30 25 44 34 47 38 40 53 71 46 28 66 69
53 90 78 63 34 40 39 38 50 69 21 12 67 53 34 74 53 72 78 35 96 55 57 34 62 20 82 41 52  3 13 37 39 42 47 73 88 40 85 17 54 51 23 84 40 75 96 37 11 84
46 71 35 43 24  9 45 73 74 18 36 66  4 74 29 73 45 39 87 70 55 35 35 22 62 48 71 84 91 79 82 37 83 69  1 50 49 50 80  8 72 56 19 69  6 15 99 14  7 15
 1 51 93 44 31 94 58 15 34 51 67 55 67 79 49 96 40 82 94 85 56 46 80 32 31 16 95 48 56 53 44 25 20  0 31  7 21 98 11 16 11  8 34 33 86 17 88 28 97 71
82 11 73 78 71 49 53 18 69  8 21 75 47 16 67 18 16 96 76 41 92 31 74  3 64 28 75 55 42 36  1  6 13 62 86 55  1 93 24 91 52 66 81 94 67 26 68 88 61 56
19 67 26  6 40 29 44 69 59 46 81 90 65 82 29 26  8 79 56 96 99 64  1 95 97 53 58 91 56 22 13 55 76 30 78 58 81 52 38 33 95 77 80 32 90 21 58 60 79 29
16  8  4 56 49 26 71 77 93 42 63 91 44 59 10  8 38 10 19 46 83 56 95 56 50 31 85 85 16 82 25 17 12 73 52 45  9 60 52 46 64 29  4 35 90  0 36 12 14 38
44 77 75 52 31 25 44 42 52 29 75 24 59 66 86 38 67 36 41 66  2 38 84 56 92 72 47 51 43 72 53 37 56 98 37 31 68 15 57  6 98 37 13 63 77 24 62 29 53 13
62 35 71 40 89 57 68 35 65 66 79 36 66 25 98 84 29 79 10 78 20 50  2 66 17 96 58 44 53 87 91  2 65  1 76 26 31 26 60 20 43 85 67 44 92 92 62 73 43 28
23 31 57 96 87 45 38 63 51 35 13 86 76 58 17 57 21 14 98 19 26 49 78 25 28 53 24 93 77 15 53 83 58 56 17 63 43 89 26 82 22 79 35 12  8 20 96 67 57 98
24 40 49 69 24  5 97 41 66 72 55  9 93 21 43 22 10 73 27 86 97 81 28 30 91 18  6  9 34 95  5 86 29 14 10 81 22 65 98 11 35 13 33 58 69 10 59 15 60 49
56 27 38 19 32 66 66  7 94  7 26 92 71 54 43 23 33 26 16 12 80 60 93 50 34 10  8 70 58 40 38 20 94 36 16 80 82 10 44  0 17 52 88 91 15  1 39 83 60 53
13 73 24 34 65 91 23 50  2 84 47 74 82 87 81  9 95 97 45 49 95 38 98 86 43 20 40 21 40 27 44 76 92 45 59 92 29 56 83 62 80 57 19 88 17 57 54 63 43 24
47 70 30 65 15 61 27  7 99 97 23 52 93 13 54 80 69 16  0 86 65 38  3 82 62 82 42 18 60 88 72 74 80 36 41 36  5 25 28 51 56 27  5 97 61 46 10 92 27 75
48 84 48  0 32 54 46 63  9 92 47 90 32 52 28 50 87 28 43 71 91 77 22 68 46 26 43 78 57 60 70 89 45 47 35 12 17 63 36 22 52 18 13 27 45 93 28  6  3 83
 7  8 41 16 66 49 92 13 57 40 21 20 44 27 51 25 88  7 48 26 64 93 37 57 55 25 51 13 78 23 65 63 96 70 93 74 36 60 69 18 39 44 92 82 76 82 98 86 49 81
18 26 80 74 49 83 40 52 54 30 78 98 98 79 31 89 30 61 53 50 38 47 19 25 63  0 56 80 49 35 23 85 46 31 54 46 91 71 20  4  8 62 25 18 26 22 30 19 94  6
31  7 27 43 88 20 42 95  2  9 94 10 14 98 76 22 29  3 43  8 56 55  4 26 52 51 86 74  6 71 66 39 49 59 73 52 31 96 81 47 49 41 22 53 50 65 43 24 20 79
62 52 71 24 61 45 72 54 67 98 51 37 35  6 20 85 13 41 91 30 76 67 33 24 16 59 80 49 81 68 21 60 84 46 33 99 37 51 73 50 21 38 48  3 39 24 56 75 67  2
56 92 34 78 97  8 44 49 32 58 50 10 70 67 68 73 94 32 27 54 89 61 89 33 84  3 84 32 11 61 94 30 39  5 11 44 44 44 57 78 81 63 48 17 16  4 88 84 61 10
44 57 88 92 10 85 65 47 26 46 37 82  6 75 42 66 24 49 99 77 65  4 91 96 71 16 63 95 81 20 58 26 16 30 39 42  7  7 21 20 11  6 42 54 17 68 10 43 30 34
76 66  0 19 70 21 38 78 59 95 30 35 59 25 68  2 76  8 84 80 93 19 11 52 51 95 66 40 77  3 62 48 17 63  5 26  5 16 33 21 35 26 29 23 85 64 50 39 12 61
49 48 47 48 86 74 85 79 81 51 89 45 96 58 16 49 36 21 58 99 58 78 14 18 13 53 26 36 83 84 29 41 59 62 13 52 87  2  8 13 90 63 54 42 30 25 62 37  8 47
35 91 22 27 62 51 75 29 96 70 28 89 23 69 13 47 83 31  1 12 22 78 48 16 24 92 11 14 60 76 68 94 98 16 79 83 95 77 70 44 83 25 16 45  9  2 73 99 18 91
68 74 28 20 75 31 76 68 79 97  2  8  2 77 95 54 81 29 94  9 85 32 51 43 75 29 27  4 86 92 72  2 30  8 69 30 63 36 42 20 75 89  6 84 13 84 18 86 51 94
30 25 61 82 72 41 89  9 48 18 83 95 87 46 14 98 32 77 69 19 53 81 28  2 91 18 66 48 12 76 92 99 46 90 55 69 37 39 50 86 96 56 16 31  4 96 46 92 38 16
64  6 48 75 29 42  3 97 59 83 68  7 89 16 87 13 14 95 69  5 95 36  3 60 16 30 22 21 96 86 39 97 13 67 18 71 52 43 85 44 69 97 63 39 48 12 86 91 20 77
56 59 46 62 87 91  1  7 99 39 28 92 73 61 40 12 79  3 91 32 58 80 48  0 16 53 62 21 97 58 89 76 92 46 41 91 69 80 78 63 35 75 12 64 20 65 89  6 76 70
52 87 73 62 47  8 61 33 37 98 36 47  5 91 36 43 76 35  0 39  1 31 68 86 11  0  3 26 70 62 96 59 83 36 36 90 29 33 12 56 25 50 38 15 85 42 60 63 53 71
57 32 35 27 33 81 95 29 86 71 70 82 58 86 86 29 20  8 34 95 56 64 73 65 59 12 82 77 23 94 42 43 96 46 14 27 42 35 69 11 26 73 74 30 92 10 43 81 11 97
80 93 31 43 88 35 95 46  9 95  5 94 44 63  5 50  2 15 42 45 51 38 52 63 39 31  4 92 52 35 65 67 76 17 15 66 63 15 63 23 78 85 67 46 16 49 80 22 86 72
19 79 10 24  4 11 97 52 21 81  3 59 86 74 34 28 18 81 72 31 14 77  3  9  6 69  2 28 53 79 32 76 18 56 73 72 52 93 11 15 74 10 79 87  4 91 30 83 26 28
87 83 50 59 76 33  7 54 66 21 72 10  0 15 96 26 26 73 20  9  4 76 83 64 67 13 60 22 71 35 33 31 64 37 47 94 48  1  7 59 37 56 68 53 80 38  2 90 51 39
59 19 59 78 51 87 56  3 83 85  0 99 12 89 32 34 32 97 48 20 61 18 38 95  2 45 14 72 44 96  9 10 67 71 28 12 83 79 51 63  2 71 54 87 79 47 98 95 86 90
35 92 57 97  1 23 28 52 94 98 19 35 42 38 22 93 88 50 38 84 39 76 93 50  6 51  4 25 18 46 99 88 48 83 92 70  8  5 78 58 26 91 57 24 83  2 65 94 52 79
 6 20 80 72  5 60 63 78 34 59 18 14 62 15 27 94 70 58 73  5 71  9 80 31 17 77 75 30 55 44 23 21 68 58 77 28 88 56 69 78  8 19 35 35 53 73 48 86 61 76
37 29 98 59 30 82 88 23 71 36 97  7 46 74 15 84 91 96 39  7 91 98  0 10 57 77 17 96 60 53 47 21 79 28 85 55 61 68 24 53 74 84 51 73 98 45 84 86 97 92
81 56 73  4  9 96 25 56 69 61 73 31 44 18 28  0 63  6 39 57 90 42 93 29 45  2 31 13 66  8  0 81 41 26 81 84 72 37 59 16 60 27 42 84 88 89 79 60  1 59
65 38 95 26  2 43 10  4  8 46 64  0  4 41 58 75 84 91 48 62 54 91 59 84 47 49 14 56 86 99 79 18 41 20 18  5 15  0 45 22 71 69 43 84 68 20 59  3 22 73
35 78 35 65 47 63 85 58 85 25 45 66 87 66 72 22 87 10 25 81  1 63 36 75 77 91  5 18 27 81  7 57 84 22 25 52 10 64 99 20 27 21 75 77 35  5 70 28 60 34
52 26 12  7 42 44 72 79 95 91 70 87 67 90 53  5 83 82 82 54 28 27 46 81 54 59 45 92 17 65 10 68 20 32 58 57 36 47 35  2 95 53 62 27 62 82 25 40 97 84
 3 91 15 50 54 49 67 25 72 43 36  6  5  4 21 52 25 36  1 48 74  8 51 40 58 79 52 18 70 54 43 39 15 42 77  4 37 31 30 31 18 44  0 55 46 23 91 33 54 95
46 87 25 89 58 86  1 78 42 19  9 99 67 76 68 56 74 78 78 48 94 93 67 60 95 17 14 92 78 15 55 36 39 86 52 11 70 97  6 28 39 33  2 17 29 53 34 13 99 86
71 83 20  7 84 57 47 90 36 31 50 53 18 66 79 47 49 41 13 72 43 46 50 11 47 52 10 98  1 44 32 85 29 27 96 68 52 46 54 87  3 29  3 80 84 82  9 63 95 37
 1 57 27 49 96  8 89 71 43  6 62 34 70  9 59 40 46 73 58 16 98 35 32 33 37 62 15 87 44 73 65 49 93 40  9 68 88 47 81 91 66 89 58 96 81 11 61 35 53 43
80 77 41 25 43 79 84 51 45  0  6  4 22 48 96 98 62 57  7 13 68 82 48 42 37 58 53 21 65 50 49 39 26  9 93 81 38 89  7  4 26 92  0 58 89 59 47  7 77 88
