START 1
11111111 11111111
00000001
10101010 01010101 11110000 00001111
1010 0101 1100 0011
END
START 1
10111110 10111111 
11111110
00010010 10101010 01010101 11110000
0001 1010 1100 0011
END
START 8
11111111 00001000
00000000 00000001 00000010 00000011 00000100 00000101 00000110 00000111 
00010010 10101010 01010101 11110000
0001 1010 1100 0011
END
START 10
11111111 11111111
11111111 11111111 11111111 11111111 11111111 11111111 11111111 11111111 11111111 11111111
00000000 00000000 00000000 00000000
0000 0000 0000 0000
END
START 10
11111111 11111110
11111111 11111111 11111111 11111111 11111111 11111111 11111111 11111111 11111111 11111111
00000000 00000000 00000000 00000000
0000 0000 0000 0000
END
START 10
11111111 00000001
11111111 11111111 11111111 11111111 11111111 11111111 11111111 11111111 11111111 11111111
11111111 00000000 00000000 00000000
0000 0000 0000 0000
END
START 1
00000000 00000000
00000000
00000000 00000000 00000000 00000000
0000 0000 0000 0000
END
START 1
11111111 01111111
10000000
00000000 00000000 00000000 00000000
0000 0000 0000 0000
END
START 1
11111111 11110101
11110110
00000000 00000000 00000000 00000000
0000 0000 0000 0000
END
START 1
11111111 11110110
11110111
00000000 00000000 00000000 00000000
0000 0000 0000 0000
END
START 1
11111111 00000001
00000000
00000000 00000000 00000000 00000000
0000 0000 0000 0000
END
START 2
11111111 00000001
11111111 11111111
00000000 00000000 00000000 00000000
0000 0000 0000 0000
END
START 2
11111111 11110110
11111111 11111111
00000000 00000000 00000000 00000000
0000 0000 0000 0000
END
START 1
11111111 00000000
00000001
00000000 00000000 00000000 11111111
0000 0000 0000 0000
END
START 1
11111111 00000001
00000010
00000000 00000000 00000000 11111111
0000 0000 0000 0000
END
START 1
11111111 11110101
11110111
00000000 00000000 00000000 00000000
0000 0000 0000 1010
END
START 1
11111111 11110101
11110111
00000000 00000000 00000000 00000000
0000 0000 0000 1011
END
ENDOFINPUT
