START 5 5 5
1,1,1 2,2,2 3,3,3
4,3,0 4,4,4 3,0,2 2,1,3 3,3,3
END
START 2 3 4
1,1,10 1,1,1 0,2,2
0,0,1
END
START 1 1 1
0,0,0
1,1,1
END
START 1 1 1
0,1,1
1,1,1
END
START 20 20 20
20,20,20 20,20,20 20,20,20 20,20,20 20,20,20 20,20,20 20,20,20 20,20,20 20,20,20 20,20,20
20,20,20 20,20,19 20,19,20 19,20,20 19,19,20 20,19,19 19,20,19 19,19,19 10,10,10 11,11,11 12,12,12 13,13,13 14,14,14 15,15,15 16,16,16
END
START 3 3 3
1,1,1
0,0,0 1,1,0 1,2,1 1,1,1 1,1,2 0,1,1 1,0,1 2,1,1 2,2,2 1,2,2 2,1,2 2,2,1 0,1,2 0,2,2 2,0,0
END
START 20 20 20
0,0,0 0,0,1 5,5,5 5,3,5 10,10,10 12,10,10 0,0,0 10,10,10
0,0,0 0,0,1 0,1,1 1,0,1 1,0,0 5,5,5 5,4,5 5,3,5 5,6,5 5,2,5 10,10,10 11,10,10 10,10,9 13,10,10 9,10,10
END
START 10 15 9
3,2,8
3,2,0 3,2,1 3,2,2 3,2,3 3,2,4 3,2,5 3,2,6
END
START 3 4 5
2,3,30 3,4,6
2,3,5 2,3,4 3,4,4 3,4,5 3,4,3 2,3,3
END
START 20 1 1
0,0,0 5,0,30 10,0,1 15,0,0 20,0,20 0,1,0 5,1,30 10,1,1 15,1,0 20,1,20
0,0,1 5,1,1 9,1,0
END
