1
67
222
68 53 43 122 98 32 35 44 36 67 102 94 82 98 109 33 40 45 111 62 74 60 75 48 101 70 100 37 59 38 108 34 41 94 75 118 101 45 57 70 118 63 32 70 63 95 69 81 121 112 80 109 102 69 50 112 100 97 73 82 93 40 78 61 78 33 51 76 70 90 38 101 41 62 87 99 88 69 66 90 116 62 111 105 51 59 96 62 81 96 116 42 114 75 101 88 109 44 63 112 111 109 102 63 46 59 48 35 71 58 100 89 37 78 36 70 94 100 114 99 52 79 32 101 60 106 43 95 72 34 72 82 101 39 62 115 90 101 69 32 98 72 59 64 32 72 69 57 59 117 97 34 99 102 109 117 49 60 85 36 85 90 66 97 113 46 60 42 79 51 51 72 121 103 105 114 38 89 63 76 41 81 47 48 102 47 103 84 44 67 104 33 38 84 105 42 105 101 120 93 38 64 105 96 66 119 87 56 38 45 97 114 39 110 89 118 101 77 66 102 36 38
212
64 80 50 82 73 98 32 57 37 57 72 37 35 52 46 34 120 67 77 105 113 81 121 32 106 118 33 114 95 47 111 94 84 39 55 51 55 41 93 93 95 108 81 34 36 39 41 60 96 46 118 99 38 111 46 55 77 117 119 99 57 63 104 61 50 68 68 99 35 36 113 49 70 70 90 33 93 41 39 81 117 41 118 46 105 94 66 84 51 47 113 62 51 88 101 67 72 48 42 50 48 87 96 74 117 113 103 74 114 102 84 101 103 43 83 72 96 111 43 96 99 71 72 34 82 63 118 108 81 65 80 56 50 38 57 88 64 50 54 37 120 76 75 89 112 76 89 97 104 57 87 45 33 91 63 80 63 94 121 58 77 66 34 39 110 38 59 54 37 45 80 54 43 103 117 114 49 76 55 80 64 51 107 90 103 121 33 104 46 111 35 34 97 118 110 67 100 70 71 83 94 46 50 107 82 98 50 114 54 49 44 88
190
106 55 120 120 95 46 89 88 96 48 62 87 118 69 66 81 79 90 86 41 59 85 98 46 117 77 57 34 113 42 106 101 49 70 74 117 101 54 52 65 115 75 80 90 64 112 109 71 80 83 73 103 122 34 33 46 53 38 62 61 76 83 70 37 83 103 111 104 41 46 60 106 79 75 50 83 114 44 120 34 68 113 104 70 61 56 46 38 58 48 51 79 94 116 55 83 46 90 52 40 58 65 105 120 60 71 120 110 66 84 77 77 47 87 111 114 40 114 65 49 54 65 96 67 89 106 54 59 87 62 39 43 78 48 100 65 84 109 84 82 42 94 119 36 70 106 91 97 88 68 51 84 78 91 112 36 110 61 82 51 36 65 85 101 33 80 82 92 45 38 84 97 86 39 44 79 57 116 64 83 52 38 55 82 73 93 79 83 43 74
80
37 95 96 81 47 109 76 54 66 97 112 99 102 110 104 37 117 60 36 99 91 94 74 69 104 46 58 94 37 71 91 85 97 104 32 87 85 59 71 91 93 48 121 51 121 51 82 79 51 104 104 84 119 86 59 71 46 47 67 80 53 93 45 54 80 122 65 85 103 102 91 66 41 102 73 113 82 73 90 58
55
82 35 46 55 96 51 104 80 50 68 63 39 82 107 63 111 33 56 107 85 52 82 89 59 119 43 101 73 89 44 119 113 32 115 115 83 35 53 79 86 122 39 52 105 33 113 85 85 49 91 103 109 81 97 76
227
59 110 63 118 81 87 95 109 101 92 81 121 60 52 58 58 114 55 47 43 49 117 40 85 58 112 69 32 95 66 115 101 112 68 74 33 81 35 62 32 81 36 61 92 100 61 35 90 99 83 91 50 108 56 67 53 32 56 70 78 51 87 77 69 98 54 46 56 38 36 92 32 73 50 48 122 113 56 36 92 81 86 108 68 92 105 41 101 98 68 79 60 121 88 53 82 74 78 55 75 109 91 54 63 50 42 97 44 108 63 73 102 65 72 78 83 64 45 69 48 77 108 72 102 102 95 88 79 76 37 79 110 89 109 47 83 37 110 120 75 55 97 59 117 74 46 49 46 75 41 53 50 120 54 72 50 34 50 104 54 112 118 121 73 47 33 115 71 43 63 50 39 118 82 73 58 49 80 40 108 56 51 42 112 41 69 97 44 83 67 118 75 51 74 90 106 50 51 90 85 58 102 49 39 49 102 111 49 82 51 97 43 98 67 90 87 86 55 102 67 50 44 117 38 79 98 91
138
90 86 59 95 38 42 39 73 112 72 97 119 114 43 45 107 76 99 34 87 82 78 90 104 81 71 89 91 87 62 105 54 87 49 122 63 90 39 44 74 38 92 101 121 88 94 96 88 95 91 55 96 74 70 41 108 65 85 79 41 92 44 53 54 54 118 41 99 89 90 93 64 94 40 66 42 73 62 41 54 44 110 88 111 84 121 36 92 73 107 84 79 114 66 111 55 57 121 107 36 84 78 78 122 50 46 51 51 74 82 47 35 56 109 44 36 32 110 94 84 43 110 48 48 96 66 92 104 35 81 34 94 33 122 67 49 83 105
168
83 70 89 100 69 113 106 34 96 100 96 85 37 61 64 45 100 57 65 116 63 55 44 57 70 44 59 40 108 77 111 99 45 120 86 68 35 102 57 102 69 72 51 99 43 32 66 56 72 65 76 69 99 45 80 39 46 91 48 96 71 88 59 61 56 116 98 38 106 122 64 73 117 119 102 50 92 36 64 73 61 80 61 101 64 39 58 41 85 91 53 58 39 87 89 50 66 44 39 81 62 37 93 120 81 90 63 68 65 100 86 61 102 45 62 79 53 73 82 92 48 58 117 67 47 115 88 65 86 93 82 120 112 69 39 66 84 90 40 77 75 44 55 73 121 113 50 95 97 62 35 64 97 103 118 59 36 52 88 97 57 113 55 79 90 61 74 38
117
83 77 58 120 86 44 96 92 82 32 76 79 119 94 91 116 68 74 81 55 92 101 51 44 118 41 84 53 86 110 89 57 106 101 113 116 97 88 121 116 74 75 48 32 118 79 75 68 86 89 92 93 61 69 39 35 63 98 80 75 91 115 95 121 68 71 101 35 90 105 120 77 115 87 78 102 34 58 106 97 95 67 119 99 64 92 95 35 53 61 105 77 107 106 104 56 63 80 70 83 45 59 72 90 52 62 99 42 50 114 121 61 50 50 95 83 105
88
91 116 73 60 68 114 84 82 36 42 48 97 51 63 90 32 57 72 39 122 42 110 45 64 60 40 71 121 54 110 117 120 36 97 68 97 79 45 111 94 57 117 67 68 80 119 74 32 51 121 94 110 48 104 98 65 50 56 110 116 94 35 35 74 42 40 113 72 76 83 51 120 70 104 33 36 72 118 90 66 113 92 89 33 43 119 62 109
133
73 97 45 116 118 116 75 90 50 99 120 63 55 57 92 50 53 88 68 66 44 91 78 53 63 33 98 77 67 110 111 100 40 58 106 44 76 114 79 92 57 60 41 94 47 89 54 49 37 46 98 46 87 35 77 65 39 33 73 99 98 56 122 71 85 66 34 63 110 94 84 32 39 118 122 74 57 105 76 114 101 78 117 69 118 42 80 77 83 34 105 96 111 103 53 63 36 59 103 67 91 59 118 115 46 94 109 52 68 101 94 81 84 56 89 74 96 80 107 85 60 51 36 83 41 100 114 121 38 112 108 60 36
11
56 116 60 121 96 121 87 43 86 67 71
95
73 33 104 57 39 105 85 101 84 78 70 44 120 93 103 77 121 79 33 34 103 38 57 92 107 51 46 51 74 51 98 45 45 111 36 35 95 41 77 52 48 88 113 112 74 85 77 74 111 71 97 99 37 77 120 99 116 62 111 75 80 103 40 62 51 64 70 49 93 56 96 35 68 121 58 88 51 60 106 47 70 96 65 62 58 93 65 95 59 100 114 56 85 60 80
47
38 91 97 89 81 44 43 69 102 68 109 59 121 40 51 72 73 88 76 70 88 51 112 53 115 41 117 72 65 108 97 57 51 61 60 78 94 58 37 55 65 87 67 112 89 57 82
195
102 40 69 118 89 117 117 75 63 100 32 82 41 88 110 105 92 47 75 78 112 33 48 68 44 73 41 63 98 55 75 46 32 108 63 68 96 69 69 50 118 37 77 90 78 69 121 106 46 73 97 116 80 96 113 98 117 41 92 105 58 63 82 116 67 66 96 74 32 46 60 98 87 82 34 50 122 116 56 48 51 87 83 71 120 118 112 96 112 103 84 56 40 50 43 91 59 49 92 93 71 98 33 103 80 63 105 99 41 77 55 91 70 106 66 121 89 40 94 84 73 70 54 38 38 93 85 100 52 70 56 96 34 37 76 97 63 74 107 80 68 34 106 68 75 112 61 63 111 85 66 54 82 114 69 55 40 118 65 110 92 94 101 46 119 32 66 113 113 44 70 45 79 43 76 40 62 95 122 73 88 82 43 82 73 82 121 59 110 118 72 40 117 118 34
95
80 52 55 36 53 34 115 81 77 55 61 71 67 76 91 105 46 111 46 40 49 52 70 101 85 81 73 77 106 65 77 49 94 33 61 107 41 51 77 64 108 77 113 75 106 110 53 101 80 67 116 118 53 54 40 106 97 57 84 104 95 119 40 74 112 63 81 40 76 65 51 74 120 47 112 55 97 81 62 121 112 57 122 98 51 97 102 52 62 101 74 113 113 54 85
73
114 108 96 91 114 45 37 53 51 52 98 91 42 37 37 81 73 83 62 50 98 112 56 68 119 112 109 117 96 106 84 63 41 51 82 82 112 93 55 66 96 109 77 96 121 114 67 89 45 93 53 85 48 86 87 70 95 93 56 99 111 112 90 35 70 67 84 104 57 81 99 41 47
37
76 89 122 105 36 86 98 101 54 110 62 91 100 113 61 65 41 51 104 117 86 55 70 114 37 74 76 77 113 121 67 54 50 60 88 64 92
81
33 38 81 88 40 120 115 33 103 52 114 40 60 110 94 88 61 82 46 33 113 106 94 95 33 68 90 74 62 46 120 105 117 57 59 54 45 40 33 56 50 42 35 54 95 66 121 102 102 38 88 83 122 122 120 70 104 57 109 42 52 120 50 63 77 84 34 48 104 40 35 91 73 46 119 50 44 35 64 91 112
244
78 42 49 78 58 108 61 62 100 32 92 86 77 51 62 99 82 121 47 105 42 104 56 36 35 91 41 104 92 94 38 66 109 106 122 101 72 43 96 62 64 98 56 82 33 51 85 56 86 48 81 99 114 86 82 44 46 47 80 54 50 43 44 33 42 61 120 75 51 89 50 38 57 36 84 34 77 65 77 37 110 103 122 55 34 65 107 56 78 77 112 58 93 47 46 109 87 92 90 116 113 120 108 52 98 56 54 55 74 53 70 64 42 36 71 53 34 63 108 103 74 40 112 54 97 85 96 32 116 111 119 43 51 50 111 49 78 95 119 92 121 115 75 114 32 88 40 36 60 62 114 64 74 33 43 45 71 70 78 101 83 102 84 98 80 43 67 66 65 116 37 79 38 36 100 106 89 100 109 40 75 56 115 82 104 47 93 120 41 52 51 87 100 78 95 93 82 77 121 38 60 55 49 72 40 112 73 60 119 65 58 116 77 71 45 73 44 82 97 84 104 119 69 56 78 111 40 83 97 90 40 54 78 73 48 54 39 32 110 77 39 102 92 48
45
80 108 98 108 118 111 90 62 118 69 76 59 62 108 72 43 117 38 79 58 84 48 33 102 33 89 46 94 114 55 58 54 34 96 111 70 102 86 106 32 51 44 107 108 111
140
111 73 68 52 100 57 97 47 116 90 120 88 97 86 76 78 44 40 121 50 80 109 69 122 116 90 79 42 50 80 119 100 49 87 112 89 95 35 114 116 60 78 116 101 71 74 71 117 94 67 70 86 96 76 66 75 111 79 71 49 77 61 63 46 95 65 118 77 66 45 103 41 35 33 64 86 53 89 58 88 116 108 44 68 45 48 103 118 35 60 80 39 75 75 53 50 74 33 65 53 47 68 50 72 69 40 53 86 103 46 119 110 69 56 75 116 91 102 94 61 66 105 78 111 120 52 101 107 108 34 51 96 91 37 115 90 112 69 56 57
174
117 90 70 70 105 37 44 112 50 47 36 76 85 57 110 89 58 109 69 45 72 69 54 73 64 106 83 81 100 54 55 59 115 47 40 55 36 67 97 78 77 110 110 63 74 53 73 75 87 66 108 70 81 84 103 34 51 111 102 115 90 82 68 78 62 70 93 55 45 68 49 103 119 50 97 113 86 61 109 52 72 57 116 60 47 80 121 105 67 66 109 61 117 78 49 41 37 49 71 113 62 86 37 67 104 113 63 101 58 46 83 41 43 72 33 64 84 97 87 49 57 69 90 70 79 108 45 91 77 91 122 51 80 116 64 94 62 68 66 56 68 120 36 92 87 91 55 111 60 109 61 35 50 108 48 53 42 121 50 35 109 101 113 51 121 78 61 100 117 53 72 60 93 90
223
60 33 46 97 102 68 55 68 55 119 34 58 60 119 57 54 76 104 42 67 62 122 121 115 81 98 75 95 60 38 104 34 96 85 33 108 93 85 121 33 46 87 92 96 115 42 73 74 64 34 82 111 89 49 101 70 58 79 114 43 33 65 71 79 90 104 57 90 60 79 69 75 58 66 49 56 34 67 40 71 110 53 56 107 50 36 40 107 88 95 55 99 44 103 93 99 38 53 88 46 62 76 64 54 57 40 112 38 85 102 114 114 56 109 86 98 57 51 89 55 61 115 36 74 121 61 51 79 81 94 114 101 81 54 45 53 67 67 98 95 47 58 53 61 54 54 64 60 49 90 64 34 86 49 83 66 39 92 73 97 79 80 107 98 121 103 57 42 56 80 101 38 33 42 51 61 45 70 66 62 120 80 74 117 61 40 48 48 50 105 99 104 87 108 95 67 111 109 110 59 75 71 59 45 46 90 67 74 116 44 67 73 105 114 102 86 40 65 64 117 113 59 46
165
102 60 98 70 58 56 36 65 104 118 115 109 86 93 121 86 119 99 97 65 32 40 121 94 53 115 42 115 95 77 32 114 53 49 40 92 65 83 74 106 56 61 38 32 85 66 52 49 53 84 52 109 73 58 67 86 115 73 46 107 102 68 51 62 104 83 108 84 67 63 38 99 33 57 66 60 34 108 111 82 58 68 62 97 59 63 32 97 109 51 110 76 63 97 91 69 119 104 82 121 46 51 35 41 33 52 42 92 46 40 64 37 39 36 58 52 51 116 61 38 62 74 58 84 110 57 91 82 65 105 37 98 90 43 49 87 98 64 47 110 88 100 72 35 106 35 83 82 95 81 73 87 44 73 93 99 93 76 32 112 119 45 35 101 90
83
107 35 47 77 101 95 53 119 51 46 98 53 52 96 57 115 43 78 61 42 47 56 98 65 62 99 108 39 46 65 91 37 87 35 107 54 105 112 54 87 52 73 96 112 100 104 74 85 112 117 112 61 98 38 66 41 112 63 53 55 61 38 68 76 80 121 80 75 39 90 90 49 62 103 56 76 35 38 90 95 44 106 61
63
67 56 63 48 58 36 61 78 112 95 107 67 114 120 78 70 99 43 73 47 103 117 69 113 46 82 43 83 34 97 97 87 36 41 40 57 53 37 58 116 32 80 68 119 118 64 43 71 110 101 92 67 112 65 95 55 91 90 66 112 42 79 45
118
36 60 61 110 104 58 59 63 41 116 66 79 108 55 110 83 109 84 36 76 32 97 94 63 35 118 58 107 112 35 48 45 87 82 115 38 36 114 67 121 94 48 121 87 78 76 113 66 103 48 80 74 93 75 90 119 67 50 107 61 87 72 109 40 113 108 108 57 105 67 120 32 68 118 83 66 117 60 63 76 38 117 86 107 52 51 39 58 105 61 39 74 89 117 33 101 93 65 84 35 48 88 36 63 52 118 68 47 47 110 75 91 51 44 47 61 76 76
132
115 95 86 94 118 62 66 40 70 113 38 118 117 47 112 117 120 113 96 72 68 79 74 107 33 112 68 92 54 53 104 78 50 101 39 86 78 54 71 97 90 67 72 47 44 118 56 92 44 101 35 86 85 87 35 67 42 87 45 104 101 114 70 45 74 94 83 115 77 69 83 85 71 112 78 121 71 104 108 87 53 50 85 45 48 38 115 66 116 46 75 35 36 42 113 42 90 75 94 33 32 109 56 101 64 86 99 43 55 105 99 104 41 116 100 45 77 68 78 40 34 69 115 53 107 84 47 85 91 120 63 62
66
112 68 64 77 101 43 86 108 102 92 58 96 33 113 32 99 40 75 33 115 60 77 52 58 109 50 63 109 119 90 99 54 107 106 42 65 66 103 88 111 103 46 97 87 82 108 67 117 115 54 117 51 51 105 51 44 64 37 99 56 89 79 105 114 98 55
143
45 37 59 103 47 100 79 63 54 64 52 58 72 86 67 122 68 97 37 56 34 121 76 87 50 53 99 115 111 62 113 66 33 121 51 67 77 87 37 58 118 122 95 65 51 118 38 58 119 59 97 53 69 120 121 120 35 61 70 102 73 73 98 121 40 66 39 111 82 81 63 93 94 51 44 42 32 107 109 76 56 45 49 102 103 105 58 93 117 78 46 65 47 59 51 65 64 74 71 73 107 47 109 119 85 72 88 100 90 111 114 95 95 86 98 78 47 53 71 47 63 60 105 46 81 77 95 52 84 119 76 52 99 38 118 116 47 41 99 45 101 57 81
226
86 94 62 59 119 58 53 109 94 60 61 51 91 73 106 86 100 58 102 84 122 49 50 106 105 54 36 106 66 78 40 76 93 57 122 71 67 81 44 75 79 34 92 94 91 88 32 59 93 110 98 105 76 97 92 60 116 45 43 52 44 66 87 43 45 73 72 100 58 44 50 82 80 39 92 112 99 96 109 101 36 46 78 100 55 56 118 89 110 82 98 72 95 54 85 74 90 91 96 94 77 107 122 51 61 32 94 93 117 48 121 53 104 44 83 109 121 102 50 100 107 65 103 114 121 119 39 84 102 122 42 78 66 89 114 49 59 34 53 107 44 95 108 108 88 65 93 72 47 39 105 87 88 50 119 65 68 104 58 48 84 117 84 48 45 93 96 34 108 32 52 89 37 85 111 39 85 104 46 66 101 50 110 48 37 119 56 66 87 114 75 37 44 70 45 69 92 36 60 111 111 48 82 57 85 96 84 94 93 87 34 59 80 44 53 56 51 59 90 48 112 67 93 90 44 113
189
102 41 89 57 86 96 97 75 74 54 89 63 43 36 39 76 45 49 109 122 81 60 112 52 80 61 72 98 50 85 119 113 46 48 70 66 85 68 102 122 63 79 70 88 46 77 79 71 47 68 93 108 75 93 98 93 52 77 49 89 113 96 51 56 82 82 115 85 105 47 104 80 38 108 50 94 48 84 83 82 44 48 77 50 63 83 73 74 83 36 91 101 91 108 39 46 37 72 54 87 71 108 109 39 114 99 97 104 76 44 81 104 59 92 108 63 45 70 38 35 103 108 65 76 44 49 66 80 88 82 59 67 54 49 44 47 102 71 106 46 73 44 111 114 53 45 45 85 91 45 54 42 79 35 103 98 87 69 101 33 66 77 108 117 80 109 68 42 34 44 49 98 102 92 117 36 63 105 86 91 41 62 52 83 110 87 60 48 49
12
110 106 65 93 82 79 60 36 108 38 81 92
173
103 120 94 117 51 41 52 62 106 47 52 120 54 41 88 102 106 95 79 73 56 82 51 111 62 73 104 87 87 47 121 73 36 70 75 35 67 37 46 42 62 57 76 45 93 59 81 119 120 95 102 51 68 122 102 120 62 114 49 105 102 117 39 104 46 36 93 39 43 119 86 42 40 86 116 83 110 63 118 88 96 68 63 120 84 111 84 103 104 116 73 99 120 47 70 68 97 97 84 97 119 85 88 32 122 38 91 55 111 83 65 83 52 105 70 56 122 37 67 39 34 47 51 32 85 84 92 76 107 111 58 48 33 52 55 100 65 33 77 74 56 79 107 33 101 81 41 105 34 73 107 37 102 89 59 101 93 119 106 69 86 85 66 118 71 100 91 74 43 98 33 38 99
215
72 45 122 70 99 52 48 110 71 42 101 101 86 85 32 111 104 70 43 91 67 36 112 76 86 72 71 65 79 43 120 47 102 72 38 87 55 71 80 46 99 36 45 85 92 51 74 97 113 108 39 38 47 48 68 50 107 75 113 44 67 116 46 53 118 114 53 69 75 118 87 71 56 35 83 74 88 102 118 69 38 118 56 73 41 108 90 105 69 64 89 81 43 39 103 48 93 99 81 90 54 96 64 102 68 114 32 50 95 47 72 121 82 51 87 104 56 50 86 56 118 45 48 99 69 54 112 115 84 79 120 98 48 101 78 105 84 93 48 77 71 118 85 50 110 42 116 65 57 91 76 81 112 107 62 114 68 85 93 93 35 80 114 108 47 37 32 83 35 81 50 55 59 39 76 89 64 93 90 71 100 99 62 63 107 38 75 119 104 73 49 73 46 96 51 61 106 90 41 114 121 67 52 92 79 88 51 97 61 71 55 55 52 32 115
94
85 61 39 34 82 97 37 101 103 94 100 55 64 36 48 114 48 110 117 52 104 42 59 122 68 99 84 95 32 60 116 102 84 63 38 98 95 115 122 102 72 71 81 107 41 66 85 104 110 96 65 63 45 78 89 53 39 44 63 36 89 116 114 86 101 97 85 105 81 84 119 104 114 121 74 51 51 40 50 66 58 118 102 64 46 63 70 67 117 80 68 121 120 53
47
57 71 102 71 65 45 82 84 116 77 45 98 46 105 117 84 84 32 107 61 74 70 92 114 84 111 112 120 85 107 80 37 37 32 96 65 51 37 103 112 84 52 86 115 85 67 73
153
118 68 80 97 106 111 88 66 90 96 45 50 78 117 47 89 71 111 75 61 33 79 60 59 75 65 106 88 42 44 120 80 119 42 107 101 111 88 111 102 89 33 90 90 118 34 60 89 106 41 80 53 114 118 76 81 75 98 57 104 75 103 97 61 82 32 102 69 95 69 71 98 109 68 104 45 39 86 83 72 62 58 71 44 60 85 114 65 98 85 60 62 95 43 68 66 118 93 60 115 51 81 97 94 90 104 56 92 55 66 56 33 74 77 56 75 81 119 99 46 39 95 46 83 49 40 46 38 77 80 82 43 74 72 69 53 112 93 62 77 58 110 103 63 41 63 87 72 98 104 51 37 45
69
83 96 97 74 73 107 70 43 34 75 110 120 79 51 91 49 43 101 96 95 34 42 115 58 63 87 45 44 98 121 60 83 69 96 33 67 100 75 67 61 79 113 87 89 96 62 98 52 37 103 38 41 72 71 90 66 107 90 104 96 77 63 65 45 70 89 75 59 73
