Ahsoka0
1 4 15 16 17 18 19 20 21 22 23
74.50 3.88 27.59 22.76 20.51 77.95 88.78 33.77 58.58 99.02 51.63
Leia1
1 5 16 19 20 21 22 23
51.37 13.03 85.92 98.64 4.99 97.91 34.42 26.69
Anakin2
1 16 17 18 19 20 21 22 23 24 25 26 27
51.49 22.35 75.79 88.74 90.41 76.73 37.76 33.98 28.48 49.69 32.80 99.90 23.78
Boba3
1 17 18 19 20 21 22 23 24 25 26 27
27.99 69.07 23.25 53.65 72.26 6.66 91.23 65.97 48.75 36.96 81.81 69.04
Palpatine4
1 3 4 12 14 15 16 17 18 19 20 21
66.06 87.63 1.89 91.30 55.91 45.32 12.89 87.97 9.34 71.19 51.72 52.68
Cassian5
1 2 7 11 12 13 14 15 16 17 18 19 20 21
31.11 72.32 15.42 24.00 9.00 57.88 73.04 89.42 90.78 50.45 6.66 34.30 51.39 8.80
Jyn6
1 10 11 13 14 15 16 17 18 19 20 21 22 23
5.13 29.85 55.40 75.48 12.24 6.96 57.33 39.05 33.41 61.67 71.25 74.15 44.68 4.11
Admiral7
1 14 15 16 17 18 19 20 21 22 23 24 25 26
63.56 38.24 25.77 1.62 3.78 2.55 13.27 58.30 14.74 45.77 88.17 53.15 79.00 25.75
Din8
1 4 13 15 16 17 18 19 20 21 22 23
9.43 52.10 20.67 53.68 74.06 96.19 77.07 8.84 78.20 44.54 53.58 32.99
Galen9
1 8 17 18 19 20 21 22 23 24 25
4.00 17.22 34.36 6.24 67.72 70.75 68.89 4.79 13.29 49.88 16.82
Armitage10
1 15 16 17 18 19 20 21 22 23 24 25 26 27
45.31 16.22 46.11 15.41 68.03 20.40 82.59 61.23 91.48 29.51 80.77 37.74 97.36 81.08
Maul11
1 16 18 19 20 21 22 23 24
17.18 72.90 49.82 94.82 16.73 20.02 60.86 53.99 57.94
Luke12
1 10 17 18 19 20 21 22 23 24
44.53 74.51 76.97 84.48 99.08 54.10 11.11 1.87 91.93 82.15
Grievous13
1 8 16 17 18 19 20 21 22 23
46.82 12.06 44.92 89.70 3.76 21.09 60.16 32.35 96.23 86.29
Moff14
1 3 14 16 17 18 19 20 21 22 23
14.61 41.67 34.24 27.41 93.19 49.93 55.67 73.97 8.31 71.91 96.19
Vader15
1 10 23 24 25
18.61 10.67 57.92 39.89 80.16
Ahsoka16
1 6 9 10 12 13 14 15 16 17 18 19 20 21
50.06 57.15 31.15 82.21 23.22 5.29 11.39 14.54 49.75 41.31 36.04 58.95 26.31 17.22
Leia17
1 15 16 17 18 19 20 21 22 23 24 25 26 27
58.08 92.07 19.22 56.43 34.27 24.37 4.99 78.06 20.61 51.92 51.72 92.71 62.68 59.00
Anakin18
1 7 10 14 15 16 17 18 19 20 21
77.28 94.14 65.04 13.92 18.38 67.14 81.16 40.82 57.59 42.35 82.39
Boba19
1 14 18 19 20 21 22 23 24 25
48.74 55.40 40.11 22.97 3.44 57.79 53.50 96.86 30.93 17.29
Palpatine20
1 4 12 22 23
55.87 39.48 18.22 2.58 29.03
Cassian21
1 12 16 17 18 19 20 21 22 23 24
22.00 64.36 5.78 54.51 77.91 52.07 14.37 92.74 35.79 21.67 37.56
Jyn22
1 15 16 17 18 19 20 21 22 23 24 25 26 27
90.78 43.20 30.98 11.94 78.60 33.05 88.75 70.36 16.33 18.49 93.35 30.39 40.52 56.90
Admiral23
1 12 14 15 16 17 18 19 20 21 22 23 24 25
8.39 6.94 29.13 12.37 58.43 81.83 7.64 71.21 70.91 58.00 70.18 3.77 44.32 46.61
Din24
1 21 22 23 24 25 26 27
25.63 44.78 84.38 55.44 94.73 73.51 98.24 25.00
Galen25
1 12 14 15 16 17 18 19 20 21 22 23 24
28.17 88.57 3.51 20.77 17.03 65.92 22.48 75.40 39.73 1.97 36.50 96.54 67.67
Armitage26
1 12 14 20 21
27.48 97.22 24.47 41.17 40.53
Maul27
1 9 18 19 20 21 22 23 24 25
46.32 19.92 27.13 30.89 57.86 82.94 25.47 17.35 66.95 33.90
Luke28
1 12 17 18 19 20 21 22 23 24 25
92.88 18.67 68.58 21.91 97.95 4.39 48.55 89.89 78.64 40.23 86.72
Grievous29
1 9 10 16 17 18 19 20 21 22
4.47 39.30 21.44 66.66 58.46 26.13 8.88 75.42 48.03 26.17
Moff30
1 5 17 18 19 20 21 22 23 24 25
56.78 39.34 41.94 26.41 80.32 56.88 5.42 71.30 59.51 14.90 5.10
Vader31
1 8 10 11 12 13 14 15 16 17 18 19
85.94 82.68 39.82 46.74 90.69 48.37 6.60 49.34 64.56 30.60 40.78 89.29
Ahsoka32
1 14 16 18 19 20 21 22
91.43 42.24 41.37 61.61 30.56 70.68 17.03 20.39
Leia33
1 9 10 14 15 16 17 18 19 20
54.00 75.53 18.70 57.24 17.54 12.26 4.87 82.06 32.78 55.37
Anakin34
1 4 17 18 19 20
89.27 42.82 66.39 61.99 6.87 28.86
Boba35
1 10 21 22 23 24
37.77 77.26 75.77 31.23 21.46 60.57
Palpatine36
1 4 15 16 17 18 19 20 21 22 23 24
38.34 1.54 36.49 31.39 88.62 16.96 33.53 75.22 28.14 11.02 75.43 20.69
Cassian37
1 15 16 17 18 19 20 21 22 23 24 25 26
38.76 17.66 8.31 20.37 51.60 31.53 70.90 56.30 64.95 28.98 22.61 20.04 43.35
Jyn38
1 8 16 20 21 22 23
90.46 7.71 21.50 47.71 13.28 74.95 41.91
Admiral39
1 9 10 11 12 13 14 15 16 17 18 19 20 21
79.94 72.51 73.70 65.19 75.37 56.87 81.08 11.71 3.40 30.94 82.94 6.54 79.74 91.65
Din40
1 6 9 12 13 14 15 16 17 18 19 20 21
71.38 90.48 57.18 84.77 22.58 63.03 69.08 57.05 32.88 55.08 83.88 5.27 21.44
Galen41
1 11 16 17 18 19 20 21 22 23 24 25
56.31 70.26 70.21 65.68 64.62 61.97 65.43 99.23 4.50 71.71 8.23 52.59
Armitage42
1 21 22 23 24 25
67.26 29.49 65.09 50.04 25.31 27.17
Maul43
1 6 13 14 15 16 17 18 19 20 21 22 23
38.29 95.19 8.43 36.56 94.38 80.62 16.90 34.04 64.88 22.90 76.86 10.20 69.08
Luke44
1 8 19 20 21 22 23 24
30.28 71.50 17.26 5.14 10.52 45.85 61.08 16.16
Grievous45
1 13 18 20 21 22 23
88.35 12.85 43.83 58.44 26.57 21.22 32.26
Moff46
1 14 19 22 23
43.00 32.71 48.42 44.80 52.34
Vader47
1 5 10 11 12 13 14 15 16 17 18 19 20
5.57 54.27 28.74 25.31 7.82 70.67 86.44 28.66 81.73 41.19 9.76 69.01 59.49
Ahsoka48
1 6 13 18 19 20 21 22 23
76.11 25.60 12.15 93.26 68.50 57.59 48.30 18.81 78.49
Leia49
1 3 14 17 18 19 20
34.91 68.40 56.18 62.15 47.90 33.15 74.16
Anakin50
1 17 18 20 21 22 23
54.98 35.32 70.84 73.89 35.86 78.24 38.28
Boba51
1 3 15 16 17 18 19 20 21 22 23
64.40 68.36 11.11 17.26 56.95 11.05 73.04 71.90 10.21 59.74 34.01
Palpatine52
1 5 13 15 21
3.69 56.26 82.33 83.28 85.78
Cassian53
1 10 17 19 20 21 22 23
14.36 44.37 32.33 38.78 66.81 11.92 75.78 98.14
Jyn54
1 12 15 16 17 18 19 20 21 22 23 24
69.07 74.87 59.60 71.17 98.56 40.67 70.90 4.10 96.64 18.73 97.71 33.10
Admiral55
1 6 10 11 12 13 14 15 16 17 18 19 20 21
36.14 25.90 42.98 56.60 9.38 11.44 33.29 87.20 45.53 93.70 68.06 21.17 1.55 44.82
Din56
1 14 16 19 20 21
18.59 7.49 50.07 18.90 32.74 98.98
Galen57
1 12 15 16 17 18 19 20 21 22 23 24 25
86.33 77.26 50.97 58.82 7.93 82.97 74.27 38.96 8.64 14.22 98.92 65.11 53.48
Armitage58
1 4 16 17 18 19 20 21
37.49 15.10 60.68 63.96 72.20 37.43 11.19 99.72
Maul59
1 4 9 11 14 15 16 17 18 19 20 21
4.52 53.60 2.26 79.56 1.58 95.21 79.86 70.38 33.21 42.41 77.79 30.75
Luke60
1 5 9 10 15 16 17 18
11.88 67.25 79.03 79.98 2.19 99.90 16.87 38.50
Grievous61
1 7 15 16 17 18 19 20 21 22
4.04 84.11 82.33 11.33 37.59 17.81 24.59 60.66 75.05 7.57
Moff62
1 3 13 14 15 16 17 18 19 20 21 22
92.59 27.76 51.11 10.34 1.13 83.03 40.10 51.10 57.78 32.28 99.71 16.43
Vader63
1 14 15 16 17 18 19 20 21 22 23 24 25
4.85 92.45 80.85 65.03 35.04 99.99 87.47 55.10 16.57 24.96 76.67 4.34 2.63
Ahsoka64
1 15 20 21 22 23 24 25
63.59 96.45 3.02 59.65 42.03 96.28 15.84 62.32
Leia65
1 20 21 22 23 24 25 26 27
79.80 83.61 70.68 53.30 72.46 60.94 85.47 56.41 26.08
Anakin66
1 9 10 14 17 18 19 20 21
90.48 37.07 62.73 53.45 58.07 86.67 86.91 75.86 83.82
Boba67
1 7 18 19 20 21 22 23 24 25
55.17 66.78 49.42 33.82 68.58 73.66 28.32 5.00 64.53 34.15
Palpatine68
1 11 13 22 23
60.50 87.43 50.15 70.85 56.68
Cassian69
1 12 14 15 16 17 18 19 20 21 22 23
19.49 40.66 67.28 3.45 47.85 48.36 6.64 74.17 33.61 17.45 61.43 8.97
Jyn70
1 11 22 23 24
59.74 8.57 63.16 56.71 83.26
Admiral71
1 6 19 20 21 22 23 24 25
94.22 66.45 26.74 30.56 59.89 92.72 28.84 69.23 71.34
Din72
1 16 17 20 21 22 23
14.21 32.07 94.30 25.63 88.67 67.15 78.31
Galen73
1 5 20 21 22 23 24 25
99.26 6.14 45.28 66.68 99.69 92.12 60.76 67.67
Armitage74
1 8 15 17 18 19 20 21 22 23
35.57 1.52 13.71 31.94 94.39 12.37 31.53 46.08 82.97 74.05
Maul75
1 11 12 13 15 16 17 18 19 20 21
83.92 43.12 9.60 84.63 68.47 35.28 10.85 21.61 38.17 60.70 5.96
Luke76
1 9 12 13 14 15 16 17 18 19 20 21 22 23
79.50 2.50 67.38 10.83 8.18 93.49 30.49 52.46 49.46 50.35 11.37 45.93 75.65 82.26
Grievous77
1 19 20 21 22 23 24 25 26 27
48.50 42.72 58.39 35.82 98.30 61.55 10.77 5.04 53.28 50.54
Moff78
1 10 15 16 17 18 19 20 21 22 23 24
30.19 19.65 21.81 7.21 22.98 69.68 78.43 54.73 38.96 96.91 74.90 82.42
Vader79
1 4 11 12 14 15 16 17 18 19 20 21
98.12 32.56 71.86 74.80 61.51 62.60 38.68 43.82 99.16 91.39 13.40 44.73
Ahsoka80
1 4 9 15 16 17 18 19 20 21
67.10 42.59 21.90 13.80 50.80 38.84 12.26 88.58 94.63 1.33
Leia81
1 22 23 24 25 26
40.50 47.90 41.38 69.90 61.49 7.53
Anakin82
1 7 12 19 21
1.02 40.85 54.74 71.42 96.96
Boba83
1 19 21 22 23
71.03 99.89 72.12 99.08 84.20
Palpatine84
1 2 5 14 15 16 17 18 19 20 21 22 23
66.87 75.61 65.50 99.51 43.34 85.90 80.46 11.19 45.06 75.23 27.58 52.47 74.62
Cassian85
1 18 22 23 24 25
86.34 11.04 33.39 3.96 21.62 75.20
Jyn86
1 7 13 18 19 20 21 22 23
51.50 97.66 56.19 3.64 21.09 70.00 29.53 45.47 44.14
Admiral87
1 19 20 21 22 23
67.98 83.40 66.14 3.07 80.30 79.90
Din88
1 5 11 14 15 16 17 18 19 20 21 22 23
79.38 7.95 47.91 26.63 8.75 85.00 55.90 78.90 26.06 34.85 10.19 52.47 58.90
Galen89
1 9 12 18 19 20 21 22
80.34 31.58 62.48 65.96 35.31 10.60 8.89 14.33
Armitage90
1 15 16 17 18 19 20 21 22 23 24 25
38.58 57.99 73.41 6.09 70.73 42.68 54.70 84.15 40.72 64.75 33.38 48.39
Maul91
1 10 15 16 17 18 19 20 21 22
74.87 12.48 60.49 52.71 52.06 97.37 79.72 35.60 13.57 65.13
Luke92
1 9 14 15 16 17 18 19 20 21 22
62.28 73.68 91.79 85.86 37.36 61.58 63.08 68.00 1.46 78.40 82.43
Grievous93
1 2 14 19 20 21 22 23
47.44 77.41 73.39 69.83 14.55 58.96 20.78 92.14
Moff94
1 22 23 24 25 26 27
60.78 66.06 67.91 86.56 60.82 35.43 21.13
Vader95
1 8 23 24 25
61.70 58.95 20.33 18.93 87.05
Ahsoka96
1 13 14 15 16 17 18 19 20 21 22 23 24 25
99.92 1.26 87.18 71.19 62.62 77.02 2.26 26.26 67.80 66.67 54.75 50.03 19.23 16.98
Leia97
1 8 13 14 15 16 17 18 19 20
23.53 44.94 68.44 51.98 72.48 29.48 59.40 29.54 67.55 16.65
Anakin98
1 2 8 13 14 15 16 17 18 19 20
68.00 35.03 91.62 46.71 96.69 72.71 18.79 12.16 60.93 58.92 24.77
Boba99
1 16 19 20 21 22 23 24
56.44 46.15 68.24 4.20 34.14 49.84 84.86 36.14
Palpatine100
1 5 13 16 18 19 20 21
97.25 70.03 10.99 28.46 95.26 14.00 89.13 75.85
Cassian101
1 3 7 11 12 15 16 17 18 19
8.14 11.42 23.19 84.14 65.32 97.26 30.49 94.20 68.58 94.68
Jyn102
1 13 14 15 16 17 18 19 20 21
99.17 86.94 34.66 85.67 59.25 59.97 57.11 41.63 61.50 34.91
Admiral103
1 13 18 20 21 22 23
78.04 90.95 75.65 68.79 81.36 68.82 73.67
Din104
1 14 15 18 19 20 21 22 23
13.63 64.51 57.32 2.24 53.74 16.30 46.71 81.87 91.51
Galen105
1 10 12 14 15 16 17 18 19 20 21 22 23
90.54 12.54 11.35 99.28 26.58 61.82 57.42 55.74 85.71 62.50 5.96 20.56 14.76
Armitage106
1 6 12 13 17
93.14 81.18 15.30 9.86 24.92
Maul107
1 15 18 19 20 21 22 23 24 25
94.40 58.22 69.68 19.28 98.13 96.81 53.25 56.90 70.21 62.77
Luke108
1 18 19 20 21 22 23 24 25 26 27
66.63 81.86 84.33 35.56 50.50 92.90 33.63 87.69 12.60 52.73 18.58
Grievous109
1 21 22 23 24 25
26.31 73.11 76.91 92.82 84.27 96.77
Moff110
1 13 16 17 18 19 20 21 22 23 24 25
60.03 19.87 85.45 36.58 66.48 57.47 8.03 25.65 17.51 41.93 3.99 5.80
Vader111
1 12 14 16 17 18 19 20 21 22
16.77 58.62 60.70 89.62 10.32 61.21 97.23 80.75 61.75 89.43
Ahsoka112
1 4 7 8 14 15 16 17 18 19 20 21
2.24 41.51 15.85 17.20 87.57 41.41 66.76 14.00 1.94 3.41 77.26 19.11
Leia113
1 2 14 21 22
96.40 27.16 18.89 66.35 22.97
Anakin114
1 10 14 15 16 17 18 19 20 21 22 23 24
61.37 90.46 59.83 15.19 93.31 66.18 43.72 54.80 12.35 60.62 52.14 35.74 81.52
Boba115
1 5 10 11 12 13 14 15 16 17 18 19 20 21
94.44 40.76 41.16 2.93 67.53 75.28 45.95 28.85 3.23 87.07 36.50 57.18 32.08 14.07
Palpatine116
1 15 17 18 19 20 21 22
95.01 40.79 75.05 93.52 63.40 62.74 51.52 68.57
Cassian117
1 6 11 12 20 21
98.97 61.63 18.63 68.62 74.83 18.19
Jyn118
1 11 15 16 17 18 19 20 21 22 23
86.98 27.55 4.45 68.03 29.23 9.32 51.07 66.28 43.26 80.69 58.66
Admiral119
1 18 19 20 21 22 23 24
6.62 18.03 80.06 64.26 56.18 99.60 42.62 27.45
Din120
1 11 16 17 18 19 20 21 22 23
13.93 78.86 87.68 88.56 48.72 66.12 39.70 89.87 44.39 68.50
Galen121
1 9 10 14 15 16 17 18 19 20 21 22 23
15.50 33.62 65.78 65.26 32.46 91.17 95.76 96.60 29.33 88.76 51.62 22.97 13.27
Armitage122
1 7 8 13 20 21
2.20 10.45 10.09 86.87 66.46 30.01
Maul123
1 2 16 20 21 22 23
68.49 57.46 71.78 71.26 32.13 1.74 98.91
Luke124
1 15 16 17 18 19 20 21 22 23 24 25
75.50 47.09 88.76 11.97 95.79 60.59 67.12 34.47 18.82 68.55 50.07 55.32
Grievous125
1 3 10 15 16 17 18 19 20 21 22 23
5.59 46.60 52.90 57.43 16.84 16.24 21.88 95.52 98.65 18.09 74.29 6.72
Moff126
1 7 14 15 16 17 18
94.04 57.69 42.02 60.43 13.57 23.19 2.18
Vader127
1 15 16 17 18 19 20 21 22 23 24 25 26
68.30 80.33 14.81 16.92 85.88 7.03 7.52 11.38 32.17 54.17 19.14 5.63 89.81
Ahsoka128
1 13 14 15 16 17 18 19 20 21 22 23 24 25
2.42 5.50 88.36 42.87 59.06 82.74 52.70 44.63 8.73 94.17 94.00 10.22 12.16 58.35
Leia129
1 8 15 18 19 20 21 22
50.93 55.39 97.95 56.31 3.67 29.68 96.91 46.33
Anakin130
1 17 18 19 21
3.76 72.15 55.83 3.28 74.47
Boba131
1 6 15 16 17 18 19 20
66.74 2.84 32.24 90.24 80.75 94.67 65.59 80.87
Palpatine132
1 6 13 15 16 17 18 19 20 21 22 23
83.43 62.43 56.17 84.67 21.35 49.15 39.31 70.97 54.08 14.36 83.39 94.22
Cassian133
1 6 13 14 15 16 17 18 19 20 21 22 23 24
5.69 93.18 58.34 19.79 61.17 73.17 85.36 74.23 52.60 39.55 43.00 90.18 82.37 99.98
Jyn134
1 19 21 22 23 24 25
94.83 17.11 54.84 10.47 38.10 41.28 19.34
Admiral135
1 16 20 21 22 23 24
8.75 64.38 55.74 70.60 64.42 13.66 28.78
Din136
1 13 15 16 18 19 20 21
35.04 43.16 38.60 3.05 5.08 93.52 21.39 95.13
Galen137
1 14 16 17 18 19 20 21 22 23 24 25
18.66 86.62 95.54 11.55 33.12 61.23 8.42 34.00 72.83 55.28 79.61 58.74
Armitage138
1 7 9 14 15 16 17 18 19 20 21 22 23
39.47 64.43 26.06 3.37 64.28 28.35 1.03 69.04 42.33 8.40 99.35 58.19 21.05
Maul139
1 13 20 21 22 23 24
20.67 20.87 75.56 27.83 7.01 74.13 23.84
Luke140
1 14 15 16 17 18 19 20 21 22 23 24
38.30 60.15 22.61 47.27 4.03 20.99 42.16 58.19 26.70 39.26 60.71 43.57
Grievous141
1 9 17 18 19 20 21 22 23
72.42 54.23 42.42 19.95 54.95 65.98 54.46 77.83 18.28
Moff142
1 16 18 19 20 21 22 23 24 25
36.72 11.79 59.66 56.31 86.48 61.61 77.00 82.34 41.77 84.80
Vader143
1 16 19 20 21 22 23 24 25
13.01 53.19 70.48 93.44 34.10 16.44 77.83 18.53 53.07
Ahsoka144
1 10 19 20 21 22 23
90.55 39.09 21.71 82.27 2.18 68.69 6.89
Leia145
1 11 14 15 16 17 18 19 20 21 22 23 24 25
41.46 54.94 53.86 1.72 86.30 52.33 9.89 77.34 56.55 19.45 13.61 97.53 61.37 47.90
Anakin146
1 3 6 7 17 18 19 20 21
71.04 40.89 88.37 50.93 80.32 66.12 13.15 63.30 87.80
Boba147
1 16 17 18 19 20 21 22 23 24
49.93 79.73 18.59 99.40 47.63 53.79 93.52 88.04 40.15 62.72
Palpatine148
1 9 11 13 14 15 16 17 18 19 20 21 22
85.78 76.96 25.98 28.21 28.54 21.27 28.14 98.85 23.31 38.16 55.75 84.91 81.22
Cassian149
1 9 11 13 14 15 16 17 18 19 20 21 22
7.89 15.69 96.15 9.24 18.14 68.72 33.29 47.07 22.34 52.07 29.64 67.86 11.65
Jyn150
1 6 15 16 17 18 19 20 21 22 23 24 25
75.61 83.59 95.45 30.41 58.69 41.93 50.61 70.20 40.00 39.66 25.27 80.36 16.25
Admiral151
1 11 12 13 14 15 16 17 18 19 20 21 22 23
62.06 33.20 63.70 98.63 10.08 66.58 70.76 11.67 40.05 76.55 87.81 60.40 58.81 69.69
Din152
1 11 12 13 14 15 16 17 18 19 20 21 22
92.46 93.59 64.69 79.23 48.83 36.19 98.84 40.49 87.85 48.67 30.66 2.50 79.17
Galen153
1 9 15 16 17 18 19 20 21 22 23 24
23.10 87.84 34.22 21.35 99.80 73.59 15.71 7.71 71.46 62.08 98.88 73.36
Armitage154
1 13 14 15 16 17 18 19 20 21 22 23 24 25
16.98 88.93 63.93 44.39 2.52 40.81 95.80 91.54 21.39 21.25 12.45 85.56 68.44 34.27
Maul155
1 18 19 20 21 22 23 24 25 26 27
97.60 22.90 53.53 73.55 40.47 37.68 30.50 46.13 27.32 14.70 13.43
Luke156
1 12 14 15 16 17 18 19 20 21 22 23 24 25
12.41 92.21 47.03 72.17 73.36 11.68 61.46 26.68 77.28 47.03 1.60 85.35 27.40 34.82
Grievous157
1 6 12 14 15 16 17 18
58.57 95.82 15.17 2.92 24.23 49.65 97.15 9.03
Moff158
1 19 20 21 22 23 24
31.96 34.12 83.22 16.54 82.26 6.94 80.95
Vader159
1 9 15 17 18 19 20 21 22 23
99.39 30.16 10.89 34.34 33.59 90.35 67.13 53.81 57.19 83.31
Ahsoka160
1 8 13 14 16 17 18 19 20 21
45.89 37.79 26.48 80.25 31.79 96.81 60.27 7.72 82.04 41.77
Leia161
1 4 14 17 21
92.50 57.97 58.59 68.12 98.17
Anakin162
1 5 9 15 16 17 18 19 20 21 22
6.26 35.13 58.37 46.54 39.47 88.04 28.87 18.21 80.91 3.92 76.11
Boba163
1 4 12 14 15 16 17 18 19 20 21
94.24 74.40 42.71 1.51 34.50 23.92 78.86 96.42 2.39 14.87 85.79
Palpatine164
1 16 19 20 21
84.67 19.35 95.76 22.80 43.38
Cassian165
1 18 19 20 21 22 23 24 25
50.13 33.96 72.15 70.85 89.42 4.73 5.88 79.09 63.32
Jyn166
1 19 22 23 24
79.30 69.08 99.02 19.62 66.37
Admiral167
1 2 11 12 15 16 17 18 19 20 21
38.52 56.53 49.08 17.78 93.48 1.93 80.54 57.86 37.95 42.44 87.93
Din168
1 18 19 20 21 22 23 24
50.56 1.16 87.79 95.89 98.95 8.42 28.08 9.23
Galen169
1 17 19 20 21 22 23
14.25 90.49 30.79 39.52 27.30 70.51 35.44
Armitage170
1 19 20 21 22 23
78.00 87.30 43.43 73.55 79.70 52.97
Maul171
1 5 13 14 15 16 17 18 19 20 21 22 23
43.30 28.50 21.23 94.40 17.89 86.54 15.13 30.07 36.40 47.17 42.39 28.48 49.18
Luke172
1 3 8 14 19 20 21
34.07 14.08 94.60 10.37 5.25 26.62 8.30
Grievous173
1 12 13 15 16 17 18 19 20 21 22
41.33 49.60 74.50 64.04 26.46 15.52 6.13 83.61 55.27 63.66 18.26
Moff174
1 3 13 15 16 17 18 19 20 21 22 23
53.94 87.38 19.26 26.72 64.16 50.40 84.81 48.20 94.79 27.25 15.17 84.99
Vader175
1 7 10 13 14 15 16 17 18 19 20 21 22 23
24.54 94.41 69.29 87.42 84.59 22.01 66.77 87.64 35.81 29.43 24.07 68.29 36.82 46.55
Ahsoka176
1 2 4 12 13 14 15 16 17 18 19 20
90.77 51.73 76.87 73.85 83.94 84.46 46.76 75.16 43.40 72.01 79.49 17.48
Leia177
1 9 16 17 18 19 20 21 22 23 24 25
6.40 21.16 83.47 13.54 1.16 19.36 57.42 64.61 89.27 27.37 54.59 50.50
Anakin178
1 15 19 20 21 22 23 24
26.21 79.23 25.42 20.53 60.18 3.05 58.82 22.63
Boba179
1 5 7 12 16 17 18 19
49.17 60.10 75.70 65.70 83.84 53.04 27.17 30.14
Palpatine180
1 13 17 18 19 20 21 22 23 24 25
84.39 4.28 13.34 31.88 52.14 24.04 3.85 97.10 59.99 72.88 73.39
Cassian181
1 15 19 20 21 22 23
89.58 77.56 13.98 82.24 11.85 88.21 59.64
Jyn182
1 18 19 20 21 22 23 24 25 26 27
67.24 74.91 24.38 45.32 91.95 74.12 21.67 25.55 69.43 42.29 78.71
Admiral183
1 7 8 13 14 15 16 17 18 19 20 21 22 23
55.05 81.31 67.75 74.77 58.36 66.96 68.33 87.23 72.26 61.70 86.58 39.38 67.14 29.01
Din184
1 8 14 17 18 19 20 21 22 23
28.51 4.76 78.00 39.11 48.71 39.41 85.67 39.51 26.29 48.71
Galen185
1 5 18 19 20 21 22 23 24 25
53.73 56.29 14.10 96.06 85.04 96.52 39.23 3.29 9.01 31.92
Armitage186
1 11 14 15 16 17 18 19 20 21 22 23 24
10.95 72.60 48.19 61.21 49.83 72.00 86.69 27.91 1.59 23.78 65.72 36.54 94.52
Maul187
1 15 16 17 18 19 20 21 22 23 24 25
11.72 11.96 42.27 50.71 95.86 43.36 29.87 52.01 46.10 73.26 13.20 54.82
Luke188
1 7 19 21 22 23
10.25 74.56 9.04 78.82 16.78 8.67
Grievous189
1 9 17 20 21 22 23
18.82 97.52 40.33 80.04 57.36 45.29 96.21
Moff190
1 6 7 9 12 13 14 15 16 17 18 19 20 21
81.14 59.42 31.36 44.13 19.41 33.14 93.05 17.50 63.33 51.12 55.53 92.35 61.30 23.98
Vader191
1 17 18 19 20 21 22 23 24
64.45 14.60 11.12 93.13 40.39 94.93 97.72 94.12 63.90
Ahsoka192
1 2 21 22 23 24 25
15.22 75.18 92.80 45.77 5.32 64.09 89.94
Leia193
1 6 9 12 13 14 15 16 17 18 19 20 21 22
48.12 34.25 28.09 93.40 11.90 67.19 32.13 5.50 84.93 67.67 67.73 45.73 63.50 57.88
Anakin194
1 2 9 15 16 17 18 19 20 21 22
77.80 10.81 61.22 77.07 79.18 2.35 17.59 98.52 72.58 48.64 1.78
Boba195
1 12 13 14 15 16 17 18 19 20 21 22 23 24
29.23 92.84 5.76 2.56 34.65 89.29 13.96 90.13 22.22 29.43 28.46 14.26 40.40 82.78
Palpatine196
1 15 16 17 18 19 20 21 22 23 24
43.00 81.22 44.94 14.29 41.68 64.66 40.48 94.92 28.55 9.77 85.48
Cassian197
1 8 15 18 19 20 21 22 23
34.71 90.90 37.75 24.03 63.17 35.78 94.17 60.02 8.52
Jyn198
1 12 13 14 15 16 17 18 19 20 21
75.03 34.60 4.48 99.54 9.02 61.41 86.40 58.66 84.78 24.20 19.21
Admiral199
1 10 13 14 15 16 17 18 19
65.66 64.09 17.68 90.71 18.67 52.54 95.08 96.63 37.68
Din200
1 13 15 16 17 18 19 20 21 22 23 24
13.30 36.91 31.62 29.75 58.90 1.45 54.23 17.13 64.85 31.31 78.96 77.32
Galen201
1 10 14 15 16 17 18 19 20 21 22 23 24
51.76 79.03 8.54 61.93 66.93 46.63 16.01 53.50 45.31 41.15 26.43 48.94 79.64
Armitage202
1 21 22 23 24 25
14.77 90.39 86.19 20.91 97.24 34.14
Maul203
1 5 9 12 13 14 15 16 17 18 19 20 21
25.55 16.83 16.13 37.52 28.52 63.52 23.23 54.08 99.38 12.36 23.94 29.50 91.21
Luke204
1 18 19 20 21 22 23 24 25 26 27
1.90 63.36 68.98 99.80 92.87 47.54 30.17 73.24 71.59 22.34 46.72
Grievous205
1 16 21 22 23 24 25
51.61 35.22 86.22 78.37 6.68 53.09 77.22
Moff206
1 8 12 14 18 19 20
41.12 96.41 71.16 59.23 84.34 87.78 68.40
Vader207
1 8 18 19 20 21 22 23
70.52 66.14 28.31 55.28 14.78 3.88 39.24 74.43
Ahsoka208
1 8 11 15 16 17 18 19 20
41.42 33.46 36.52 41.40 53.71 41.07 77.54 21.82 6.30
Leia209
1 20 21 22 23 24 25 26
2.87 59.89 64.01 26.20 12.92 47.84 21.85 99.68
Anakin210
1 10 20 21 22 23
89.73 39.78 48.12 47.84 47.24 4.30
Boba211
1 18 19 20 21 22 23 24 25
54.01 89.42 58.16 91.19 89.10 42.38 53.62 4.04 13.75
Palpatine212
1 2 17 21 22
89.68 12.15 4.67 1.44 72.08
Cassian213
1 15 21 22 23 24 25
40.10 4.53 70.27 23.63 75.16 70.24 20.08
Jyn214
1 10 13 14 15 16 17 18 19 20 21 22 23
11.91 56.46 72.53 55.24 56.65 90.94 80.52 34.48 84.81 25.66 89.25 24.08 57.64
Admiral215
1 12 17 20 21
19.08 40.12 88.59 57.88 38.12
Din216
1 22 23 24 25 26
87.11 69.53 17.47 31.42 76.07 43.98
Galen217
1 2 3 20 21 22
6.71 89.64 19.92 58.23 39.81 73.92
Armitage218
1 9 15 19 20 21
62.13 5.21 93.14 9.16 86.10 55.37
Maul219
1 9 15 17 18 19 20 21 22 23
55.98 85.30 39.53 65.39 9.03 98.53 74.64 87.12 24.70 19.86
Luke220
1 4 15 16 17 18 19 20 21 22 23 24 25
9.82 86.28 54.23 46.44 67.41 8.57 64.61 11.85 38.06 61.14 28.23 95.47 54.26
Grievous221
1 7 10 13 14 15 16 17 18 19 20 21 22
81.14 99.58 85.29 48.49 89.80 6.13 17.22 84.27 42.83 94.28 37.76 3.60 35.28
Moff222
1 2 4 8 13 18
91.27 33.92 26.76 41.71 22.42 86.84
Vader223
1 8 9 14 15 16 17 18
43.29 62.05 75.88 37.83 13.97 59.56 21.44 38.21
Ahsoka224
1 13 19 20 21 22 23 24
75.36 42.54 83.78 34.07 91.59 56.90 55.70 68.75
Leia225
1 6 16 19 20 21 22 23
91.16 91.11 25.83 57.03 22.70 10.68 71.25 41.11
Anakin226
1 4 8 16 17 18 19 20 21 22 23
59.06 41.45 80.58 77.61 80.96 41.54 94.47 50.28 92.00 87.86 34.20
Boba227
1 20 21 22 23 24 25 26
65.89 51.24 26.63 69.74 1.61 7.12 86.02 90.52
Palpatine228
1 9 13 14 15 16 17 18 19 20 21 22 23 24
83.86 89.38 84.37 12.01 29.26 55.46 1.85 65.52 66.08 51.92 94.24 45.93 57.69 32.23
Cassian229
1 12 14 20 21 22
1.98 33.72 21.84 13.76 23.56 30.20
Jyn230
1 9 14 17 18 19 20 21 22 23
36.19 52.40 41.95 30.01 91.59 65.21 71.76 73.00 15.23 68.66
Admiral231
1 5 7 16 18 19 20 21
4.45 16.01 22.61 70.92 34.60 39.89 43.88 66.85
Din232
1 3 17 19 21
60.90 80.58 3.66 85.30 91.98
Galen233
1 2 4 10 16 17 18 19 20 21
7.20 53.05 14.24 93.92 71.97 70.30 83.12 99.10 63.79 36.67
Armitage234
1 3 20 21 22 23 24
23.21 64.06 61.75 39.95 12.69 26.98 16.71
Maul235
1 22 23 24 25 26
35.93 19.74 39.12 24.49 73.04 58.80
Luke236
1 17 22 23 24 25
1.58 37.15 71.40 97.81 90.21 41.96
Grievous237
1 13 15 16 17 18 19 20 21 22 23 24 25
99.12 27.63 55.00 6.20 75.22 3.52 35.54 25.28 48.82 33.73 28.79 41.04 39.16
Moff238
1 18 19 20 21 22 23 24 25 26 27
90.92 61.36 52.62 31.29 55.21 4.42 9.70 20.11 16.48 21.62 59.45
Vader239
1 17 18 19 20 21 22 23 24
57.76 38.22 56.34 36.07 87.30 76.02 3.66 25.56 94.71
Ahsoka240
1 14 15 17 18 19 20 21 22 23
28.44 29.84 26.59 7.41 72.83 25.75 72.85 31.23 89.86 84.00
Leia241
1 14 15 16 17 18 19 20 21 22 23 24 25 26
49.04 9.88 82.10 49.37 39.62 27.88 22.72 23.18 34.20 90.61 83.79 61.73 54.20 7.75
Anakin242
1 15 16 17 18 19 20 21 22 23 24 25 26
59.63 44.43 87.14 31.97 66.49 98.76 86.42 83.33 85.64 34.36 41.83 46.58 16.61
Boba243
1 2 7 8 10 11 12 13 14 15 16 17 18 19
77.66 93.24 29.73 43.25 4.82 9.20 21.86 52.47 45.33 27.66 89.79 73.95 60.43 64.04
Palpatine244
1 3 11 12 13 14 15 16 17 18 19 20
55.61 25.70 27.26 15.27 30.95 16.47 43.97 1.62 38.83 61.24 50.04 94.56
Cassian245
1 4 9 11 14 15 16 17 18 19 20 21
61.12 94.55 80.76 49.86 75.55 13.85 92.89 74.68 68.97 64.78 95.91 18.49
Jyn246
1 10 14 15 16 17 18 19 20 21
59.02 10.52 6.29 56.99 29.09 7.97 81.82 78.71 2.84 49.57
Admiral247
1 10 18 19 20 21 22 23 24
56.63 43.81 51.22 20.00 44.68 32.29 18.58 71.13 67.76
Din248
1 9 10 12 14 15 16 17 18 19 20
85.85 33.63 57.65 49.13 73.59 79.25 34.69 11.78 94.70 67.52 1.17
Galen249
1 12 14 15 16 17 18 19 20 21 22 23 24
51.92 46.39 17.17 13.39 26.42 23.75 44.08 74.05 55.30 22.16 47.05 50.48 98.02
Armitage250
1 12 19 20 21 22 23 24 25
9.74 54.98 6.30 96.30 48.98 45.67 44.41 43.71 89.26
Maul251
1 6 16 17 18 19 20 21 22 23 24 25
16.33 96.49 65.74 56.23 55.46 43.26 52.42 10.81 2.42 44.56 26.67 35.89
Luke252
1 18 20 22 23
52.34 61.58 70.03 36.28 2.22
Grievous253
1 20 21 22 23 24 25 26
47.14 63.91 60.20 37.77 24.38 93.46 19.54 1.71
Moff254
1 18 19 20 21 22 23 24 25
21.63 84.93 43.30 53.55 82.63 23.41 62.37 37.81 90.79
Vader255
1 6 11 14 15 16 17 18 19 20 21 22
75.14 39.77 16.14 1.73 12.05 24.93 81.02 82.97 77.36 15.54 93.11 62.23
Ahsoka256
1 10 19 20 21 22 23 24
51.35 62.48 61.73 36.49 37.88 75.62 11.43 50.41
Leia257
1 13 19 21 22
53.32 47.73 32.65 72.42 31.48
Anakin258
1 13 14 15 16 17 18 19 20 21 22 23
84.01 33.36 55.00 98.05 79.74 39.95 17.15 46.17 7.14 54.83 70.63 87.53
Boba259
1 12 13 20 21
37.12 44.48 7.40 63.22 72.99
Palpatine260
1 20 23 24 25
69.05 25.37 60.06 75.94 29.04
Cassian261
1 11 14 15 16 17 18 19 20 21
85.69 63.29 9.97 99.33 83.16 89.86 80.51 53.01 40.47 59.74
Jyn262
1 9 19 20 21 22 23
79.74 53.14 95.15 78.49 21.68 27.74 88.88
Admiral263
1 16 17 18 19 20 21 22 23 24 25 26
62.18 37.89 18.12 94.09 91.21 84.75 87.20 52.16 27.16 97.95 60.73 40.60
Din264
1 22 23 24 25 26 27
6.71 78.68 1.28 44.94 78.57 76.33 79.94
Galen265
1 8 10 14 16 17 18
43.33 22.43 73.29 99.63 63.47 71.40 42.26
Armitage266
1 7 15 16 17 18 19 20 21 22 23 24 25
48.56 14.74 5.96 94.89 15.50 21.84 44.06 93.69 76.46 82.11 96.49 6.19 47.65
Maul267
1 17 20 21 22 23
73.15 56.01 7.04 60.90 13.62 73.01
Luke268
1 13 14 15 16 17 18 19 20 21 22 23 24 25
86.29 47.14 55.36 25.97 61.50 46.61 58.93 54.74 10.71 7.80 51.25 44.50 20.77 53.24
Grievous269
1 12 16 17 18 19 20 21 22 23 24
71.53 5.96 72.96 39.46 67.43 54.21 94.89 16.27 2.87 13.91 81.25
Moff270
1 16 18 19 20 21 22 23 24
27.15 41.73 28.68 81.37 2.02 45.63 6.73 85.05 22.65
Vader271
1 5 14 16 18 19
73.80 96.56 69.39 54.57 73.04 44.18
Ahsoka272
1 3 13 14 15 16 17 18 19 20 21 22 23
24.92 71.16 58.21 81.08 60.62 34.23 26.90 84.74 44.02 34.98 7.95 76.02 4.04
Leia273
1 11 12 13 16 17 18 19 20 21
16.50 41.88 65.14 97.58 76.41 6.99 78.41 72.02 63.49 55.43
Anakin274
1 18 19 20 21 22 23 24
14.71 1.12 85.03 53.63 2.59 57.31 21.65 2.31
Boba275
1 6 14 15 16 17 18 19 20 21 22 23
2.83 63.71 27.84 60.62 48.37 31.81 94.71 97.97 37.23 65.44 8.10 83.84
Palpatine276
1 12 16 17 18 19 20 21 22 23
47.24 8.04 31.20 23.10 83.47 76.25 58.76 32.55 50.90 59.55
Cassian277
1 7 14 16 17 18 19 20 21
5.67 50.27 23.92 91.23 10.34 31.66 23.12 91.42 48.48
Jyn278
1 2 9 12 16 17 18
35.47 27.28 42.66 58.29 16.41 57.30 39.64
Admiral279
1 7 13 20 21 22
76.99 13.77 86.12 47.69 65.81 41.94
Din280
1 19 20 21 22 23 24 25 26
95.65 51.92 44.18 53.88 37.64 61.67 77.19 77.21 17.02
Galen281
1 12 14 16 17 18 19 20 21 22 23
68.88 28.98 79.73 1.74 90.53 59.53 44.79 40.84 68.79 27.16 47.41
Armitage282
1 12 15 16 17 18 19 20 21 22 23 24 25
84.78 37.40 88.18 10.66 79.92 49.50 63.06 74.60 81.45 72.91 97.11 93.90 68.02
Maul283
1 8 15 16 17 18 19 20 21 22 23 24 25
33.59 24.67 31.89 48.17 37.77 48.53 45.84 72.86 22.38 70.74 61.02 95.17 84.38
Luke284
1 11 12 13 14 15 16 17 18 19 20 21 22 23
35.29 51.12 53.21 63.91 57.86 37.59 39.99 76.30 76.24 56.21 76.28 51.23 33.99 35.08
Grievous285
1 3 9 18 19 20 21 22 23
82.77 80.34 13.32 46.11 61.58 80.74 58.31 79.73 2.19
Moff286
1 13 15 18 20
98.60 84.03 60.32 14.01 52.04
Vader287
1 11 12 15 16 17 18 19 20
13.07 62.91 28.00 90.53 82.23 62.28 69.62 10.50 15.93
Ahsoka288
1 2 15 16 17 18 19 20 21 22 23 24
99.75 67.79 42.18 88.16 51.29 61.30 89.49 68.33 12.54 29.89 76.15 16.09
Leia289
1 4 11 14 17 18 19 20 21
63.97 50.87 51.90 29.49 32.92 30.98 14.31 31.96 8.08
Anakin290
1 7 11 12 13 15 16 17 18 19
16.87 8.60 71.29 78.84 58.29 18.79 4.37 14.84 35.13 21.49
Boba291
1 10 16 17 18 19 20 21 22 23 24
6.78 95.12 23.37 37.04 3.65 58.88 56.11 68.92 67.47 95.37 63.10
Palpatine292
1 11 17 19 20 21 22
83.16 23.83 63.30 31.69 12.88 82.27 25.25
Cassian293
1 4 10 11 12 13 14 15 16 17 18 19 20 21
1.01 64.54 67.52 12.29 34.49 29.28 48.39 34.94 37.98 8.58 30.36 34.38 33.47 38.43
Jyn294
1 18 20 21 22
3.85 78.44 72.29 22.89 91.84
Admiral295
1 10 21 22 23 24
66.69 83.13 35.81 86.70 64.48 48.86
Din296
1 6 14 16 17 18 19 20 21 22 23
81.70 76.89 6.02 84.42 33.64 84.31 13.32 32.69 55.54 80.92 57.31
Galen297
1 8 10 13 14 15 16 17 18 19 20 21
18.00 43.60 40.71 67.28 55.10 76.70 94.13 5.68 4.48 54.03 44.05 3.04
Armitage298
1 14 15 16 17 18 19 20 21 22 23 24 25
18.50 95.65 95.18 23.55 59.49 49.27 90.22 88.72 59.54 19.20 98.62 41.00 94.79
Maul299
1 6 16 18 19 20 21 22
49.38 60.50 47.10 57.60 84.23 59.37 25.80 35.01
Luke300
1 19 20 21 22 23 24 25 26
31.90 35.95 42.02 53.71 74.18 73.47 33.59 31.70 81.71
Grievous301
1 21 23 24 25
35.46 35.27 4.44 80.15 41.80
Moff302
1 2 7 15 16 17 18 19 20 21 22 23
27.21 48.48 68.22 65.06 9.92 67.70 98.30 22.22 55.53 92.84 71.60 28.14
Vader303
1 7 9 22 23
39.85 55.74 77.33 81.06 11.71
Ahsoka304
1 17 19 20 21 22 23 24
50.55 24.23 16.18 88.80 64.37 82.33 23.07 16.29
Leia305
1 12 14 15 16 17 18 19 20 21 22
22.43 57.72 90.90 45.81 23.89 4.10 99.63 70.04 64.90 96.43 11.76
Anakin306
1 17 18 19 20 21 22 23 24 25 26
86.40 73.44 82.24 75.66 2.15 7.52 9.13 76.34 12.49 25.60 26.59
Boba307
1 16 17 18 19 20 21 22 23 24 25 26 27
35.36 70.43 78.24 72.61 56.67 24.05 82.71 78.28 61.76 67.49 48.79 66.60 99.97
Palpatine308
1 2 13 16 17 18 19 20 21 22
11.63 17.66 19.49 11.45 59.75 62.91 10.45 66.42 60.88 63.48
Cassian309
1 4 11 13 16 17 18 19 20 21
27.62 95.30 52.63 85.04 44.09 3.40 95.66 87.37 57.18 11.61
Jyn310
1 17 18 19 20 21 22 23 24 25
3.76 28.63 4.86 47.93 27.22 86.94 4.55 29.69 87.13 16.65
Admiral311
1 16 21 22 23 24 25
96.88 39.59 40.44 95.52 40.74 64.97 9.04
Din312
1 16 19 20 21 22 23 24 25
63.70 72.94 60.84 28.20 1.72 45.43 42.45 41.64 19.23
Galen313
1 4 7 11 12 13 14 15 16 17 18 19 20
43.25 41.88 29.61 65.10 48.94 58.14 32.97 70.42 75.48 80.51 85.31 13.01 40.42
Armitage314
1 15 17 18 19 20 21 22 23 24 25
81.91 38.16 75.67 28.12 76.11 95.35 47.60 58.90 83.33 92.02 1.99
Maul315
1 8 11 14 15 16 17 18 19 20 21 22 23
81.70 51.44 98.79 89.53 23.90 8.07 35.25 92.54 28.54 37.78 49.05 36.58 6.52
Luke316
1 12 16 21 22 23
95.46 19.78 39.23 2.94 71.94 76.66
Grievous317
1 14 22 23 24 25
47.51 84.60 17.00 21.48 34.32 79.25
Moff318
1 17 19 20 21 22 23 24
99.23 22.28 55.82 52.71 32.93 12.52 51.44 79.51
Vader319
1 14 21 22 23 24
84.54 29.61 33.06 41.63 13.05 67.14
Ahsoka320
1 7 10 12 13 14 15 16 17 18 19 20
72.07 80.34 71.69 98.99 62.99 2.48 12.17 77.36 56.73 95.62 48.34 27.73
Leia321
1 6 15 16 17 18 19 20 21 22
49.51 57.19 54.56 68.27 67.99 85.98 89.54 7.88 98.38 44.57
Anakin322
1 15 16 17 18 19 20 21 22 23 24
74.55 77.98 62.15 57.17 61.70 10.69 67.11 87.30 67.39 79.58 55.68
Boba323
1 22 23 24 25
83.33 36.59 18.22 48.44 11.65
Palpatine324
1 16 18 19 20 21 22 23 24 25
89.32 7.09 92.37 99.51 24.40 43.05 28.45 17.62 70.71 93.53
Cassian325
1 17 18 19 20 21 22 23 24 25 26 27
29.98 34.89 85.01 23.44 60.27 76.29 4.37 88.67 94.26 72.46 17.38 78.50
Jyn326
1 16 17 19 20 21 22 23
79.74 35.03 69.82 10.43 86.26 1.84 67.98 82.87
Admiral327
1 5 14 16 17 18
33.42 96.30 89.27 13.33 37.44 38.82
Din328
1 18 19 20 21 22 23 24 25 26
95.72 14.59 85.81 37.43 81.33 21.74 5.96 43.74 85.13 32.62
Galen329
1 18 21 22 23 24
69.63 68.04 35.30 88.66 83.82 52.44
Armitage330
1 18 20 21 22 23 24 25
43.89 68.70 87.02 47.92 49.05 51.16 96.19 79.62
Maul331
1 18 20 21 22 23 24
52.70 91.81 43.99 80.10 46.06 18.56 64.10
Luke332
1 18 19 20 21 22 23 24 25 26 27
63.36 67.44 12.67 35.59 56.37 93.17 31.11 74.10 9.36 47.32 60.77
Grievous333
1 17 18 19 21
88.35 67.44 82.92 35.07 28.85
Moff334
1 12 14 15 16 17 18 19
1.51 59.26 94.01 27.42 58.72 78.50 81.03 31.29
Vader335
1 15 16 17 18 19 20 21 22 23 24 25
64.83 42.37 48.34 84.70 34.89 40.56 9.09 95.96 98.33 66.97 22.75 90.41
Ahsoka336
1 4 14 17 18 19 20 21 22 23
75.23 17.83 64.94 5.26 99.54 38.74 21.08 23.36 98.44 70.04
Leia337
1 2 10 13 14 15 16 17 18 19 20 21 22 23
29.22 7.53 24.00 93.08 71.28 57.90 16.94 31.17 27.24 66.78 88.60 50.89 22.22 4.14
Anakin338
1 6 11 16 17 18 19 20 21 22
56.39 82.19 23.44 63.57 1.93 33.68 76.62 25.63 86.86 46.46
Boba339
1 16 17 18 19 20 21 22 23 24 25 26 27
72.35 66.40 32.47 9.28 98.68 1.20 38.00 62.63 49.66 7.85 98.45 63.07 78.81
Palpatine340
1 12 17 18 19 20 21 22 23 24
40.96 1.59 16.03 31.84 81.72 20.86 51.17 50.71 8.22 31.01
Cassian341
1 6 11 12 13 14 15 16 17 18 19 20 21 22
75.16 95.32 69.44 46.32 33.68 40.45 92.61 99.82 66.52 54.64 35.86 65.85 2.88 57.36
Jyn342
1 7 14 16 17 18 19 20
86.23 57.83 93.49 41.91 37.29 9.08 14.32 30.29
Admiral343
1 4 10 15 16 17 18 19 20 21 22
69.25 35.10 40.02 12.94 17.83 57.09 66.40 85.30 28.46 11.50 10.38
Din344
1 10 13 15 16 17 18 19 20 21
24.18 74.86 15.35 37.25 24.54 81.86 54.69 49.00 43.53 14.04
Galen345
1 12 13 15 16 17 18 19 20 21 22
59.37 19.90 64.22 78.30 9.25 57.64 11.09 16.42 41.36 91.17 35.23
Armitage346
1 19 20 21 22 23 24 25 26
22.75 79.79 60.81 49.95 74.27 61.54 88.03 52.47 94.35
Maul347
1 8 20 21 22 23 24 25
15.16 69.33 38.06 83.35 7.47 38.56 90.85 83.49
Luke348
1 14 17 18 19 20 21 22 23
41.20 24.99 83.97 13.12 28.63 13.93 91.30 1.77 39.79
Grievous349
1 17 21 22 23 24 25
77.80 11.45 14.71 28.44 99.04 80.45 19.67
Moff350
1 5 12 17 20
23.42 37.14 86.60 7.39 94.40
Vader351
1 15 16 17 18 19 20 21 22 23 24 25 26
12.12 51.48 55.94 10.62 3.36 15.16 98.11 77.18 16.06 13.72 35.98 78.62 46.89
Ahsoka352
1 9 20 21 22 23 24 25
91.12 93.39 45.51 3.52 43.59 2.14 5.72 89.53
Leia353
1 3 6 7 13 14 15 16 17 18 19 20 21
80.60 54.49 82.67 67.28 95.55 49.83 61.31 43.40 57.89 81.64 7.55 58.34 49.58
Anakin354
1 15 16 17 18 19 20 21 22 23 24 25 26
7.59 50.53 53.77 70.00 67.63 51.65 34.14 88.58 10.61 4.51 93.86 77.18 40.38
Boba355
1 16 17 18 19 20 21 22 23 24 25 26
28.27 95.84 15.24 47.86 82.47 12.42 37.64 61.85 84.45 29.67 53.01 16.11
Palpatine356
1 16 17 18 19 20 21 22 23 24 25 26 27
14.60 41.32 32.54 96.25 99.18 20.85 74.87 3.79 36.89 88.96 58.11 53.19 94.05
Cassian357
1 12 14 15 16 17 18 19 20 21 22
57.14 69.20 48.26 44.85 65.15 97.16 74.32 73.79 32.25 76.50 24.36
Jyn358
1 20 22 23 24
66.49 5.20 98.00 90.58 62.62
Admiral359
1 14 15 17 18 19 20 21 22 23
38.76 36.49 43.57 71.18 42.10 86.02 58.58 63.63 28.93 33.17
Din360
1 3 7 9 14 15 16 17 18 19 20 21
4.29 56.83 27.90 58.42 16.47 5.29 67.04 95.50 48.24 22.18 74.94 25.39
Galen361
1 12 15 16 17 18 19 20 21 22 23 24 25
64.69 5.25 42.01 11.29 5.81 61.26 73.97 28.12 7.62 18.30 42.11 17.98 21.89
Armitage362
1 13 14 15 16 17 18 19 20 21 22 23 24 25
97.70 80.57 67.77 26.09 69.08 82.64 62.63 31.82 17.35 61.71 37.44 20.40 43.56 84.78
Maul363
1 8 14 16 17 18 19 20
86.66 66.21 24.37 33.87 78.36 64.17 28.96 36.08
Luke364
1 3 17 20 21 22 23
14.00 91.09 71.37 35.70 85.45 25.14 5.97
Grievous365
1 13 16 17 18 19 20 21 22 23 24 25
38.47 66.06 45.20 46.71 97.11 96.62 41.39 9.56 13.35 43.76 98.93 61.59
Moff366
1 17 18 19 20 21 22 23 24 25 26
6.28 71.46 50.62 66.75 15.26 63.53 28.21 29.83 49.07 21.71 81.70
Vader367
1 18 19 20 21 22
72.67 91.89 32.19 1.88 13.33 35.55
Ahsoka368
1 13 18 19 20 21 22 23
64.34 50.91 77.38 24.14 80.42 61.29 28.28 91.87
Leia369
1 5 10 13 14 15 16 17 18 19 20 21 22
67.44 42.51 1.88 45.07 38.59 33.32 14.59 59.51 30.95 18.00 37.73 52.62 64.25
Anakin370
1 5 11 15 16 17 18 19 20 21 22
38.90 61.60 52.15 74.55 59.73 8.36 13.05 66.43 85.81 45.42 2.26
Boba371
1 9 12 13 14 15 16 17 18 19 20 21 22 23
79.00 26.74 61.38 36.93 69.24 55.85 86.77 16.21 61.31 80.69 51.64 79.21 60.61 26.94
Palpatine372
1 3 5 7 12 15 16
3.50 59.69 99.62 67.66 84.69 79.45 36.94
Cassian373
1 10 19 20 21 22 23 24 25
98.33 30.44 21.94 93.33 78.87 72.02 33.23 19.29 79.47
Jyn374
1 7 10 12 14 16 17
1.90 89.96 51.92 75.68 64.60 66.59 64.23
Admiral375
1 22 23 24 25
34.25 75.94 75.69 74.51 41.57
Din376
1 5 17 20 21 22 23
11.30 50.10 24.22 22.78 81.66 55.22 9.16
Galen377
1 11 13 20 21
19.89 99.99 91.37 80.02 69.75
Armitage378
1 16 17 18 19 20 21 22 23 24 25 26 27
83.29 19.27 80.54 96.53 3.37 89.76 56.92 37.95 84.99 84.52 14.19 78.56 66.83
Maul379
1 8 12 13 14 15 16 17 18 19 20 21 22 23
47.08 59.84 77.23 34.35 63.94 96.48 89.84 46.37 28.02 90.55 98.56 41.25 52.22 43.75
Luke380
1 10 13 14 15 16 17 18 19 20 21 22 23
37.80 67.02 72.47 72.92 2.44 17.42 50.25 76.02 7.10 53.04 77.90 45.94 57.11
Grievous381
1 8 19 20 21 22 23 24 25
33.24 54.65 87.35 38.49 79.44 71.27 85.10 29.49 5.71
Moff382
1 8 14 15 17 18 19 20
44.92 65.15 28.92 87.04 39.49 66.41 37.09 46.77
Vader383
1 19 20 21 22 23 24 25
26.45 35.09 10.09 53.20 55.48 47.85 30.22 79.46
Ahsoka384
1 14 18 21 22 23
94.66 49.02 54.21 68.11 11.13 47.40
Leia385
1 7 9 14 15 16 17 18 19 20 21 22 23
9.99 22.47 58.27 99.55 77.93 27.65 97.44 79.27 58.35 66.89 97.76 76.08 9.67
Anakin386
1 18 19 20 21 22 23 24 25 26
14.25 57.24 30.01 75.24 26.77 94.32 18.98 23.41 46.91 74.53
Boba387
1 6 15 17 18 19 20
94.47 30.17 52.78 99.77 49.02 77.78 55.59
Palpatine388
1 4 8 15 16 17 18 19
72.97 34.19 45.46 59.35 80.97 26.28 57.55 96.57
Cassian389
1 3 7 15 16 17 18 19 20 21 22 23
3.97 92.03 49.28 72.95 25.91 61.68 64.25 30.34 75.15 46.43 41.25 60.62
Jyn390
1 14 15 16 17 18 19 20 21 22 23
33.50 60.69 18.42 76.24 14.44 65.07 67.29 16.37 72.54 71.89 88.94
Admiral391
1 20 21 22 23 24 25 26 27
99.86 79.47 27.63 56.31 79.07 72.00 34.94 98.96 54.59
Din392
1 6 15 16 17 18 19 20 21 22 23 24
30.55 49.19 2.84 3.43 65.58 31.93 43.45 93.15 84.00 1.18 51.26 61.26
Galen393
1 23 24 25 26 27
18.70 19.95 82.45 37.87 56.89 58.73
Armitage394
1 12 20 21 22 23 24 25
29.97 81.08 99.28 68.53 7.11 57.54 22.16 3.85
Maul395
1 9 15 16 17 18 19 20 21 22 23 24
30.05 91.26 36.00 50.77 95.06 99.73 30.76 32.66 11.06 81.05 24.27 96.01
Luke396
1 3 17 19 21
73.68 54.95 6.65 44.09 39.74
Grievous397
1 3 7 20 21 22 23
69.21 61.32 98.70 77.07 1.91 85.24 5.57
Moff398
1 22 23 24 25 26 27
14.07 72.35 51.58 49.67 54.42 45.57 92.55
Vader399
1 7 9 14 15 16 17 18 19 20 21 22 23
45.30 27.99 94.52 55.49 32.36 3.69 10.84 66.40 98.87 80.01 1.93 85.84 53.91
Ahsoka400
1 7 14 15 16 17 18 19 20 21 22 23 24
44.83 40.11 24.85 94.59 83.04 90.81 22.71 93.26 61.85 60.40 13.08 67.76 89.73
Leia401
1 13 17 18 19 20 21 22
60.25 31.89 18.31 41.06 7.91 70.90 90.76 81.16
Anakin402
1 20 23 24 25
95.80 49.27 6.46 93.30 21.10
Boba403
1 10 13 14 16 18 19
29.40 10.73 90.35 75.95 57.89 32.11 19.54
Palpatine404
1 9 14 19 21
73.69 59.31 30.13 55.72 93.10
Cassian405
1 3 10 13 14 15 16 17 18 19 20 21 22
42.99 83.00 52.09 65.19 79.95 89.57 71.98 93.56 86.54 37.37 83.55 72.94 34.22
Jyn406
1 8 14 15 16 17 18 19 20
29.56 6.10 61.68 16.59 89.32 9.21 85.96 30.02 83.96
Admiral407
1 14 15 16 17 18 19 20 21 22 23 24
75.12 47.86 45.18 16.63 69.68 50.80 49.00 94.94 58.64 68.79 80.08 6.31
Din408
1 2 16 21 22 23
55.81 90.87 20.85 28.04 91.30 90.66
Galen409
1 19 20 21 22 23 24 25 26 27
91.91 19.23 39.61 54.16 59.14 56.50 27.70 34.63 4.61 31.01
Armitage410
1 9 13 16 17 18 19 20 21 22
18.32 91.45 25.20 36.05 82.33 1.25 95.16 68.83 76.99 52.44
Maul411
1 14 15 16 17 18 19 20 21 22 23 24 25 26
77.79 70.60 86.17 44.94 54.72 62.08 49.21 89.69 24.49 46.95 49.17 27.07 63.52 22.82
Luke412
1 12 16 17 18 19 20
21.78 8.55 82.83 41.96 59.36 94.59 96.29
Grievous413
1 7 19 20 21 22 23
28.18 16.81 55.42 7.33 65.46 66.46 42.73
Moff414
1 8 12 13 14 15 16 17 18 19 20 21 22
12.35 32.70 43.19 29.95 39.47 69.38 18.51 24.64 7.16 31.82 45.47 27.91 51.37
Vader415
1 4 11 12 14 15 16 17 18 19 20 21
20.16 58.02 68.37 53.17 76.73 45.03 57.91 85.53 77.33 34.90 54.56 55.19
Ahsoka416
1 4 6 13 14 16 17 18
28.33 56.64 61.29 70.18 24.37 24.94 33.27 18.88
Leia417
1 8 17 18 19 20 21 22 23
98.04 82.55 67.35 27.33 83.13 37.35 55.37 79.65 75.55
Anakin418
1 13 19 20 21 22 23 24
88.82 70.44 63.10 77.52 31.50 87.09 78.67 97.98
Boba419
1 2 9 12 13 14 15 16 17 18 19 20 21 22
59.02 67.23 92.33 2.77 18.05 12.34 13.21 32.82 81.30 57.84 94.35 67.58 19.66 33.54
Palpatine420
1 9 11 12 14 16
16.94 53.11 79.54 27.34 13.35 18.37
Cassian421
1 2 17 19 20 21
33.85 55.94 31.06 75.37 14.32 35.32
Jyn422
1 3 19 21 22
19.92 18.18 20.66 78.11 43.20
Admiral423
1 15 21 22 23 24
65.62 58.75 7.50 47.46 71.35 50.91
Din424
1 15 16 17 18 19 20 21 22 23 24 25 26 27
9.65 91.04 31.04 32.18 35.32 2.68 22.43 35.77 33.45 43.17 47.95 64.97 73.26 55.97
Galen425
1 20 21 22 23 24 25
1.56 80.62 72.15 26.91 5.57 53.43 89.88
Armitage426
1 14 15 16 17 18 19 20 21 22 23 24 25 26
71.29 31.06 15.66 44.55 45.79 23.53 68.30 66.98 89.64 54.00 37.76 47.01 47.84 14.76
Maul427
1 16 19 20 21 22
20.65 47.26 74.41 15.69 16.42 24.08
Luke428
1 13 15 16 17 18 19 20 21 22 23 24 25
73.20 92.27 61.93 85.63 99.02 29.76 7.54 89.64 71.02 83.47 98.01 98.22 27.26
Grievous429
1 20 23 24 25
1.25 44.55 28.92 32.91 70.64
Moff430
1 11 17 18 19 20 21 22 23 24
65.79 24.09 57.20 10.84 12.18 9.05 71.90 45.45 32.51 27.13
Vader431
1 2 6 13 14 15 16 17 18 19 20 21 22 23
82.30 91.95 72.58 99.66 73.96 50.67 63.45 47.43 22.72 7.62 69.24 72.18 19.18 22.46
Ahsoka432
1 5 6 16 17 18 19 20 21 22 23
35.38 82.51 16.74 20.89 64.90 14.69 85.66 94.06 41.67 77.45 73.54
Leia433
1 7 11 13 14 15 16 17 18 19 20 21 22
13.87 46.14 51.62 26.75 69.72 15.69 32.19 30.50 15.21 1.86 27.38 68.59 87.57
Anakin434
1 17 19 20 21 22 23 24
44.37 66.07 14.82 6.60 97.84 60.04 74.80 53.87
Boba435
1 14 15 16 17 18 19 20 21 22 23 24 25
99.89 86.77 50.59 31.99 14.31 60.06 7.31 97.04 33.29 9.06 92.51 93.01 86.58
Palpatine436
1 3 11 13 14 15 16 17 18 19 20 21 22 23
76.50 89.44 13.04 75.07 16.70 40.84 47.06 64.36 31.86 23.83 63.07 20.44 39.08 9.79
Cassian437
1 10 16 17 18 19 20 21 22 23 24
63.61 73.21 96.93 69.24 54.46 50.42 40.72 83.76 37.64 55.66 52.21
Jyn438
1 17 18 19 20 21 22 23 24 25 26
40.13 33.21 83.97 42.59 26.27 97.91 88.41 72.27 57.09 42.08 87.87
Admiral439
1 8 15 19 20 21 22
84.60 70.71 70.34 23.29 72.52 47.84 57.19
Din440
1 15 16 17 18 19 20 21 22 23 24 25 26 27
16.01 72.68 29.20 2.64 24.18 47.20 68.40 1.99 10.69 91.64 39.55 65.21 57.86 17.00
Galen441
1 16 17 18 19 20 21 22 23
15.12 62.71 51.92 13.04 57.74 83.18 43.36 14.65 43.45
Armitage442
1 10 17 18 19 20 21 22 23
29.87 6.65 48.91 5.89 54.64 1.66 96.59 82.17 55.27
Maul443
1 13 17 22 23
44.98 11.91 55.64 49.26 59.30
Luke444
1 7 10 18 19 20 21
32.46 95.57 47.05 27.87 69.84 71.44 37.80
Grievous445
1 11 15 16 17 18 19 20 21 22 23 24 25
51.12 3.01 51.12 91.24 68.51 96.83 2.90 4.47 66.94 58.11 16.10 95.82 49.00
Moff446
1 6 18 20 21 22 23
82.58 48.54 38.34 24.42 71.56 54.27 8.44
Vader447
1 14 18 20 21 22 23
76.49 58.99 68.39 89.94 94.43 31.43 20.79
Ahsoka448
1 2 15 16 17 18 19 20 21 22 23 24 25
18.95 6.48 93.89 76.86 50.85 42.65 45.68 97.58 79.86 54.74 74.55 75.98 82.75
Leia449
1 7 11 16 17 18 19 20 21 22 23
5.30 18.77 14.04 16.65 21.99 86.50 99.48 12.95 9.76 10.46 18.52
Anakin450
1 15 16 17 18 19 20 21 22 23 24 25 26 27
29.69 13.81 56.83 96.41 94.51 27.26 45.60 94.01 54.49 53.90 83.69 47.69 55.30 90.27
Boba451
1 13 14 15 16 17 18 19 20 21 22 23 24 25
69.23 51.30 3.34 37.84 82.64 69.20 37.15 51.65 45.62 23.04 31.79 37.22 83.63 48.21
Palpatine452
1 18 19 20 21 22 23 24 25 26 27
40.35 71.26 41.24 35.55 83.61 15.76 19.59 57.39 59.67 10.11 38.89
Cassian453
1 2 11 14 17 19
56.66 56.26 4.91 12.34 80.47 89.91
Jyn454
1 2 17 18 19 20 21 22 23 24 25
3.37 66.02 15.47 4.00 72.45 63.56 12.65 19.64 87.55 95.13 25.41
Admiral455
1 6 11 21 22
21.98 86.91 22.73 80.66 80.32
Din456
1 3 15 16 17 18 19 20 21 22 23 24
41.61 90.95 8.47 39.17 55.22 84.02 42.63 67.53 23.11 75.13 93.85 29.59
Galen457
1 8 9 10 12 13 14 15 16 17 18 19
65.10 70.45 5.65 26.12 27.77 58.24 4.48 24.21 29.01 92.55 65.28 42.02
Armitage458
1 14 19 21 22 23
38.91 7.81 21.62 85.10 61.54 18.04
Maul459
1 12 19 22 23
74.76 68.13 6.38 35.06 7.03
Luke460
1 2 9 14 15 16 17 18 19 20 21
1.74 21.99 82.34 18.85 77.70 11.88 5.61 19.99 28.51 30.33 81.33
Grievous461
1 7 9 18 19 20 21 22 23
68.68 71.79 6.59 42.65 72.56 33.33 59.36 68.78 40.41
Moff462
1 16 17 18 19 20 21 22 23 24 25 26
60.96 29.79 16.92 31.99 59.00 77.35 68.83 69.82 39.34 82.50 35.57 91.79
Vader463
1 14 15 16 17 18 19 20 21 22 23
60.84 69.14 11.27 57.47 4.78 89.52 75.82 80.50 4.00 29.87 95.27
Ahsoka464
1 10 18 20 21 22
14.20 48.32 46.01 88.80 60.17 86.13
Leia465
1 8 14 15 16 17 18 19 20 21 22 23
28.46 93.40 86.06 98.74 45.41 36.86 41.03 71.91 69.06 38.03 74.08 83.81
Anakin466
1 4 6 9 11 12 13 14 15 16 17 18 19 20
60.55 90.02 44.48 16.66 36.92 84.79 24.67 81.73 84.32 32.85 11.82 18.48 83.33 55.54
Boba467
1 7 12 15 16
21.62 70.09 86.41 85.47 9.91
Palpatine468
1 4 5 14 16 17 18 19
95.29 64.64 81.27 70.93 2.46 17.02 25.05 81.79
Cassian469
1 17 19 20 21 22 23 24 25
44.16 72.41 2.88 11.68 79.50 12.36 49.74 66.76 72.72
Jyn470
1 11 12 14 15 16 17 18 19 20 21 22 23
35.28 2.29 19.44 14.42 77.90 32.29 54.28 34.66 35.63 81.09 3.64 13.80 4.12
Admiral471
1 18 19 20 21 22 23 24 25
12.67 92.75 14.43 16.78 12.45 5.33 38.70 84.59 94.99
Din472
1 10 12 13 14 15 16 17 18 19 20 21 22 23
68.35 38.36 47.96 29.60 75.42 24.55 12.98 19.70 65.42 81.17 39.08 54.00 66.61 62.93
Galen473
1 7 17 19 20 21
87.78 40.23 8.15 33.61 22.28 25.57
Armitage474
1 4 7 8 12 13 14 15 16 17 18 19 20 21
13.08 25.10 40.55 16.53 85.43 18.93 91.16 88.70 10.83 8.42 64.37 37.18 49.23 31.18
Maul475
1 7 13 14 15 16 17 18 19 20 21 22 23
13.69 51.26 28.46 83.39 65.38 36.47 67.28 90.70 66.27 48.95 62.55 74.83 72.05
Luke476
1 15 16 17 18 19 20 21 22 23 24 25 26 27
93.44 73.05 28.52 50.41 18.32 36.32 98.40 58.38 44.56 29.15 5.36 69.09 26.53 21.18
Grievous477
1 13 14 15 16 17 18 19 20 21 22 23
69.77 39.83 94.22 2.93 6.98 69.37 91.05 97.37 96.24 1.39 59.79 36.42
Moff478
1 16 17 18 19 20 21 22 23 24 25 26
10.67 21.38 31.36 69.88 61.24 55.34 72.16 36.95 64.65 21.25 36.81 61.24
Vader479
1 11 15 17 18 19 20 21 22 23
35.43 89.71 79.63 64.19 42.71 93.42 75.03 46.66 41.80 26.41
Ahsoka480
1 11 12 13 14 15 16 17 18 19 20 21 22 23
16.78 42.98 31.37 92.31 51.81 33.59 92.80 12.30 26.86 23.29 90.74 54.52 18.57 9.94
Leia481
1 12 14 15 16 17 18 19 20 21 22 23 24
93.00 20.99 93.68 77.91 85.63 95.57 16.97 11.65 99.66 7.04 92.98 33.36 53.64
Anakin482
1 3 12 19 20 21
82.18 89.17 10.68 98.01 19.92 25.57
Boba483
1 16 17 18 19 20 21 22 23 24 25 26
58.80 56.44 59.20 69.57 19.42 58.64 41.58 45.62 36.03 19.08 45.78 90.21
Palpatine484
1 6 15 17 18 19 20 21 22 23
76.43 48.88 35.24 3.63 75.14 33.67 75.09 86.95 9.10 7.38
Cassian485
1 20 22 23 24 25
26.69 99.69 93.98 7.55 45.25 41.35
Jyn486
1 10 13 15 16 17 18 19 20 21
26.52 63.33 89.63 8.49 2.39 24.04 99.51 99.55 31.57 63.11
Admiral487
1 5 14 15 16 17 18 19 20 21 22 23 24
75.05 83.58 15.61 8.27 71.80 36.44 26.44 23.34 41.16 23.71 96.47 26.54 72.23
Din488
1 16 19 20 21 22 23 24
53.83 68.24 54.86 59.64 42.81 94.80 74.28 93.86
Galen489
1 6 9 10 13
26.79 80.41 92.40 44.42 56.87
Armitage490
1 10 12 13 14 15 16 17 18 19 20 21 22 23
61.10 69.78 37.78 98.41 14.88 79.34 78.40 24.76 6.58 42.21 52.46 38.35 69.42 87.57
Maul491
1 12 14 15 20
70.18 4.15 87.93 20.72 43.16
Luke492
1 22 23 24 25 26
43.58 55.09 51.85 70.81 98.61 72.69
Grievous493
1 22 23 24 25
13.19 61.00 43.88 63.66 51.79
Moff494
1 6 12 14 15 16 17 18 19 20 21 22 23
55.82 79.16 64.36 75.36 32.50 14.06 18.29 60.50 18.12 65.79 36.88 72.13 20.69
Vader495
1 6 19 20 21
57.87 83.13 29.37 65.96 99.45
Ahsoka496
1 14 20 22 23
60.33 13.70 7.80 8.48 53.92
Leia497
1 17 18 19 20 21 22 23 24 25
6.98 74.28 42.17 51.58 62.17 39.06 28.72 33.10 29.30 51.59
Anakin498
1 19 20 21 22 23 24 25
7.51 37.86 61.88 56.02 90.86 72.96 30.11 17.63
Boba499
1 17 18 19 20 21 22 23 24 25 26 27
66.57 77.34 46.36 68.78 37.87 75.46 76.87 92.51 99.88 44.07 24.92 74.99
Palpatine500
1 13 20 21 22
85.78 71.73 69.81 81.73 74.28
Cassian501
1 6 8 17 18
83.03 62.83 29.50 66.82 96.07
Jyn502
1 15 18 20 21
64.01 36.46 58.57 55.12 48.02
Admiral503
1 5 11 17 18 19 20 21 22 23
47.20 14.85 86.02 11.12 92.53 25.39 53.72 51.70 48.24 70.34
Din504
1 2 16 17 18 19 20 21 22
9.05 47.12 31.60 95.24 62.02 15.67 63.44 3.93 91.14
Galen505
1 4 17 18 19 20 21 22 23 24
81.90 29.41 38.84 26.64 22.52 31.93 29.29 82.43 90.84 77.49
Armitage506
1 10 15 17 18 19 20 21
51.64 50.58 45.49 18.90 4.89 20.11 94.46 84.85
Maul507
1 2 14 15 16 17 18 19 20 21 22 23
85.25 11.18 13.20 83.15 60.60 54.47 12.95 40.75 75.66 20.19 93.47 54.77
Luke508
1 3 15 16 17 18 19 20 21 22 23 24
52.42 72.05 95.62 49.11 47.43 19.04 90.30 12.31 1.38 85.10 3.80 10.55
Grievous509
1 8 21 22 23 24
10.92 11.74 66.45 63.66 70.89 30.48
Moff510
1 9 14 15 16 17 18 19 20 21 22 23 24 25
56.46 33.11 87.66 28.29 57.17 75.72 66.20 91.02 68.57 84.41 37.90 39.80 87.73 41.94
Vader511
1 9 17 18 19 20 21 22 23
8.38 48.79 62.68 97.81 93.42 51.77 70.13 32.93 76.36
Ahsoka512
1 14 15 16 17 18 19 20 21 22 23
85.66 83.33 31.92 98.15 7.96 21.79 74.32 94.22 47.00 63.56 37.42
Leia513
1 16 17 18 19 20 21 22 23 24
13.37 33.23 35.03 33.71 49.32 60.33 58.82 22.87 68.28 8.01
Anakin514
1 13 14 15 16 17 18 19 20 21 22 23 24
70.96 31.43 7.79 67.23 55.57 78.06 5.67 31.34 56.39 75.52 19.52 26.98 73.61
Boba515
1 17 18 19 20 21 22 23 24 25 26 27
49.15 90.35 5.10 60.18 11.34 63.86 53.63 50.56 45.28 11.62 4.94 75.99
Palpatine516
1 5 14 17 18 19 20 21
5.99 50.33 64.08 85.34 1.49 63.52 28.37 33.71
Cassian517
1 2 9 17 19 20 21
61.17 4.27 81.13 72.11 52.83 76.27 17.97
Jyn518
1 14 16 19 20 21
11.73 33.68 92.66 25.50 90.31 36.27
Admiral519
1 20 21 22 23 24 25 26
21.07 65.60 41.18 61.20 32.34 5.91 92.87 83.41
Din520
1 11 13 14 15 16 17 18 19 20 21
57.47 6.29 76.10 74.05 95.84 77.15 79.14 61.63 82.44 34.73 46.34
Galen521
1 3 4 5 15 16 17 18 19 20
52.01 61.80 63.46 42.88 40.50 3.66 2.75 89.60 41.92 73.66
Armitage522
1 16 17 18 19 20 21 22 23 24
68.57 4.16 72.78 62.36 75.79 25.35 22.92 58.55 58.27 76.90
Maul523
1 4 8 11 12 13 14 15 16 17 18 19 20
51.04 97.58 9.83 48.11 20.52 63.24 70.32 84.48 30.63 36.78 10.34 10.34 95.17
Luke524
1 15 17 19 20 21 22
31.10 35.68 22.83 9.56 70.29 94.14 22.70
Grievous525
1 15 17 18 19 20 21 22 23 24
21.70 95.40 14.14 37.64 41.98 93.50 61.65 85.35 61.95 59.32
Moff526
1 16 17 18 19 20 21 22 23 24 25
63.99 18.58 1.51 18.69 53.34 14.42 84.74 97.15 84.45 77.49 22.61
Vader527
1 2 12 16 17 18 19 20 21
88.50 71.51 34.13 83.88 28.84 61.75 81.11 1.44 92.52
Ahsoka528
1 21 22 23 24 25 26 27
61.99 98.86 95.03 68.91 92.98 38.47 96.34 83.53
Leia529
1 13 15 18 19 20 21 22 23
9.25 47.17 23.19 40.48 82.95 3.28 35.82 34.79 52.88
Anakin530
1 16 18 19 20 21 22 23
12.22 61.88 97.46 44.42 76.32 74.02 92.70 97.46
Boba531
1 4 8 12 13 14 15 16 17 18 19 20
27.89 90.59 62.21 15.79 69.91 75.17 93.63 22.86 46.78 99.98 61.78 21.47
Palpatine532
1 16 17 18 19 20 21 22 23 24 25
21.51 68.34 93.62 37.08 68.38 12.39 25.12 75.79 85.11 15.28 67.88
Cassian533
1 6 16 19 20 21 22 23
21.85 94.93 95.49 20.79 24.12 2.80 41.98 52.11
Jyn534
1 7 15 16 17 18 19 20 21 22 23 24
6.71 83.18 36.55 26.77 47.55 37.15 49.19 99.48 10.48 99.63 51.79 66.47
Admiral535
1 13 15 16 17 18 19 20 21 22 23 24
64.16 81.40 16.75 69.13 71.88 83.91 45.15 68.09 32.19 29.63 3.13 42.46
Din536
1 3 13 14 15 16 17 18 19 20 21 22 23 24
40.49 9.70 63.99 60.11 94.26 9.94 75.74 45.11 93.44 38.14 47.22 15.12 5.29 23.47
Galen537
1 3 11 14 16 17 18 19
52.78 13.74 30.46 58.40 76.66 49.58 98.29 70.10
Armitage538
1 6 13 21 22 23
1.18 48.96 34.92 5.39 51.32 30.08
Maul539
1 12 13 14 15 16 17 18 19 20 21 22 23 24
54.29 59.71 2.62 88.83 99.80 73.01 54.89 8.05 97.11 42.01 41.62 30.28 29.04 63.20
Luke540
1 8 13 14 15 16 17 18 19 20 21 22 23 24
9.64 9.85 4.86 80.91 82.24 52.82 17.22 8.08 46.01 87.18 77.10 40.52 12.86 18.90
Grievous541
1 20 21 22 23
18.10 74.18 3.03 52.65 44.29
Moff542
1 12 16 19 20 21 22 23
55.78 79.99 69.32 38.51 4.01 46.52 98.68 91.72
Vader543
1 5 10 19 20
55.85 4.91 65.77 73.61 5.18
Ahsoka544
1 10 15 19 20 21 22 23
3.40 97.24 20.25 25.02 2.36 5.91 71.38 66.42
Leia545
1 16 17 19 20 21 22
32.36 67.90 5.23 66.49 14.34 21.34 68.36
Anakin546
1 3 15 17 18 19 20 21 22 23
81.44 93.65 56.42 74.80 95.41 64.91 44.83 55.41 34.92 63.41
Boba547
1 9 12 14 15 16 17 18 19 20 21 22 23
25.26 96.66 37.48 50.54 70.51 71.66 62.24 23.50 18.36 25.76 81.69 54.46 99.54
Palpatine548
1 4 13 15 16 17 18 19 20 21 22
57.66 28.18 4.05 30.45 4.10 48.34 6.05 29.59 94.24 98.99 4.94
Cassian549
1 21 22 23 24 25 26
56.40 12.32 16.53 87.98 48.32 99.94 47.01
Jyn550
1 8 14 16 17 18 19 20 21 22 23
26.67 64.86 53.35 46.92 94.49 1.76 34.75 56.21 24.80 48.04 94.07
Admiral551
1 9 14 17 20 21
74.59 2.13 26.01 94.27 39.44 24.24
Din552
1 4 5 14 15 16 17 18 19 20 21
45.16 70.19 29.63 49.71 75.40 75.38 79.46 18.36 91.81 74.86 91.96
Galen553
1 3 9 11 13 14 15 16 17 18 19
70.05 98.15 11.43 3.78 77.97 93.07 7.23 13.25 56.12 54.42 56.88
Armitage554
1 4 10 18 19 20 21 22
92.09 48.10 67.52 81.88 64.14 54.13 83.11 54.91
Maul555
1 15 16 17 18 19 20 21 22 23 24
97.43 59.51 44.05 85.93 64.58 5.05 69.96 48.67 4.37 59.52 35.91
Luke556
1 14 15 16 17 18 19 20 21 22 23 24 25
68.66 65.23 9.30 8.75 6.36 86.47 58.71 66.06 2.38 24.20 25.94 90.76 83.84
Grievous557
1 14 15 16 17 18 19 20 21 22 23 24 25
71.02 83.50 26.31 49.77 62.53 5.81 75.93 17.92 87.59 10.27 6.57 96.07 5.61
Moff558
1 21 22 23 24 25 26
97.29 7.46 63.62 53.59 55.64 95.79 28.48
Vader559
1 13 21 22 23
22.72 3.42 71.94 21.99 91.39
Ahsoka560
1 19 21 22 23
4.16 15.46 29.99 74.98 69.06
Leia561
1 21 22 23 24 25
67.20 91.82 97.14 75.09 23.23 76.79
Anakin562
1 11 17 20 21 22
5.14 73.37 87.61 40.38 10.51 54.46
Boba563
1 6 8 14 15 16 17 18 19 20 21
14.69 19.83 53.52 19.53 69.58 43.08 21.93 38.42 60.31 96.30 44.16
Palpatine564
1 11 12 14 16 17 18 19 20 21
8.24 88.27 75.17 46.71 79.53 54.16 4.75 39.33 1.22 11.86
Cassian565
1 2 15 17 18 19 20 21 22 23
29.73 94.56 98.32 27.40 40.54 25.34 68.52 60.03 95.11 88.69
Jyn566
1 12 20 22 23
31.08 66.16 5.07 85.14 72.25
Admiral567
1 9 16 17 18 19 20 21 22 23
41.11 46.13 59.32 39.40 55.54 83.78 53.60 41.50 47.17 79.89
Din568
1 8 13 17 18 19
22.78 14.37 73.93 34.13 42.65 53.67
Galen569
1 14 15 16 17 18 19 20 21 22 23
50.43 94.72 74.41 51.13 32.17 16.24 90.92 52.58 79.38 27.21 34.59
Armitage570
1 19 20 21 22 23 24 25 26
14.62 39.18 23.75 23.83 40.24 79.09 13.79 81.83 43.60
Maul571
1 6 13 15 16 17 18 19 20 21 22
84.32 56.29 41.92 75.91 29.72 97.60 50.06 77.67 66.94 20.86 82.82
Luke572
1 5 6 8 13 14 15 16 17 18 19 20 21
59.61 55.60 39.55 9.46 50.26 45.64 68.37 82.41 68.15 41.54 1.38 53.65 67.07
Grievous573
1 2 10 12 13 14 15 16 17 18 19 20 21 22
69.03 51.47 29.18 47.40 49.66 25.88 58.99 98.00 85.57 78.74 47.34 85.18 27.70 5.91
Moff574
1 13 14 15 16 17 18 19 20 21 22 23 24 25
74.22 16.30 34.08 40.42 80.12 83.44 28.90 62.79 97.47 42.44 65.52 9.92 42.70 91.33
Vader575
1 5 7 16 17 18 19 20 21
9.80 24.32 58.25 99.81 58.72 86.31 87.63 72.16 78.79
Ahsoka576
1 10 15 16 17 18 19 20 21 22
58.35 29.77 80.45 83.71 40.98 33.65 71.61 86.42 10.08 31.05
Leia577
1 12 15 22 23
18.71 70.16 67.21 35.52 11.93
Anakin578
1 10 19 20 21 22 23 24 25
52.85 47.20 57.20 87.98 1.68 54.13 7.92 90.90 89.63
Boba579
1 18 20 21 22
37.06 63.49 98.27 93.79 87.86
Palpatine580
1 23 24 25 26 27
60.37 26.71 23.90 5.74 28.90 13.77
Cassian581
1 3 4 15 16 17 18 19 20 21
39.48 95.84 12.28 96.83 79.20 28.37 22.14 83.05 96.28 49.45
Jyn582
1 19 21 22 23
51.93 87.04 47.79 24.44 47.71
Admiral583
1 13 15 17 18 19 20 21 22
37.34 24.59 85.32 30.52 15.97 5.72 39.55 99.41 85.21
Din584
1 9 16 17 18 19 20 21 22 23
9.28 85.31 30.60 73.25 55.12 89.59 69.63 80.80 16.71 79.83
Galen585
1 11 14 15 16 17 18 19 20 21 22 23 24 25
81.87 40.01 85.55 65.88 11.26 89.77 11.49 71.75 27.81 71.90 42.04 85.18 76.96 38.33
Armitage586
1 4 5 11 15 16 17 18 19 20 21
19.34 77.24 38.00 59.69 61.11 32.26 41.77 87.95 8.82 76.69 4.15
Maul587
1 15 16 17 18 19 20 21 22 23 24 25 26
84.92 51.85 21.21 76.53 18.94 30.88 76.99 97.52 73.55 14.97 73.50 50.99 37.58
Luke588
1 16 17 18 19 20 21 22 23
4.61 65.43 57.62 31.62 48.15 86.99 10.13 36.44 30.69
Grievous589
1 8 12 13 14 15 16 17 18 19 20 21 22 23
38.10 48.84 10.60 53.80 60.83 41.94 12.39 48.72 78.00 11.43 29.73 5.47 31.98 3.50
Moff590
1 6 10 12 13 14 15 16 17 18 19 20 21 22
23.22 66.20 91.67 45.08 61.86 20.86 32.77 87.84 74.33 43.22 21.53 63.03 59.28 88.76
Vader591
1 10 12 17 18 19 20 21
81.14 13.26 25.17 39.22 6.19 5.59 6.19 22.56
Ahsoka592
1 7 12 13 14 15 16 17 18 19 20 21 22 23
78.67 93.02 23.54 65.76 91.59 87.29 85.84 2.04 73.77 65.78 26.71 43.23 88.33 24.57
Leia593
1 3 7 18 19 20 21 22
48.54 54.77 29.88 35.53 25.84 76.26 43.71 30.12
Anakin594
1 2 19 20 21 22 23
3.02 84.18 95.90 72.40 69.36 87.64 89.07
Boba595
1 8 15 19 20
98.74 60.88 26.92 13.93 95.81
Palpatine596
1 2 19 20 21 22
38.29 10.20 63.90 2.38 89.96 28.47
Cassian597
1 7 17 18 19 20 21 22 23
83.90 23.58 73.50 86.11 41.35 10.22 14.45 88.42 71.94
Jyn598
1 18 19 20 21 22 23 24 25
56.04 29.88 1.46 3.92 85.65 47.81 14.45 66.19 43.04
Admiral599
1 23 24 25 26
53.48 29.71 21.61 93.24 45.97
Din600
1 14 17 18 19 20 21 22 23 24
82.12 10.72 76.30 79.77 47.86 45.77 68.52 67.61 83.18 41.70
Galen601
1 12 13 14 15 16 17 18 19 20 21 22
95.24 75.41 37.74 94.49 94.94 39.45 51.62 27.81 38.66 89.57 55.88 25.63
Armitage602
1 13 17 18 19 20 21 22 23 24
78.23 69.87 27.32 3.06 11.15 15.55 86.81 25.89 74.92 11.56
Maul603
1 9 14 15 16 17 18 19 20 21 22 23 24
20.53 80.91 89.91 92.65 14.36 33.48 65.82 77.35 81.50 85.81 55.99 52.47 60.56
Luke604
1 17 18 19 20 21 22
68.19 10.28 56.62 51.66 12.77 24.74 40.16
Grievous605
1 15 18 19 20 21 22 23
60.07 93.56 93.99 99.88 75.06 40.35 83.64 45.68
Moff606
1 4 6 14 15 16 17 18 19 20 21
35.38 96.01 8.02 48.27 31.38 85.04 27.46 32.57 3.70 13.89 35.07
Vader607
1 6 12 13 14 15 16 17 18 19 20 21 22 23
18.29 37.33 67.78 40.65 34.03 70.61 88.59 61.51 33.47 76.59 3.22 82.30 54.32 30.55
Ahsoka608
1 20 21 22 23 24 25
54.09 12.58 47.32 4.23 11.86 96.28 34.37
Leia609
1 11 14 15 16 17 18 19 20 21 22 23 24 25
92.10 31.68 82.47 80.95 58.04 74.12 29.69 3.33 69.79 14.21 96.59 55.35 68.51 61.37
Anakin610
1 8 15 18 19 20 21 22 23
16.48 6.64 83.12 73.68 84.11 20.43 66.92 79.18 58.38
Boba611
1 11 18 19 20 21 22 23 24
19.36 59.53 75.31 60.56 9.17 71.79 98.32 64.87 76.28
Palpatine612
1 10 11 13 14 15 16 17 18 19 20 21 22 23
46.29 77.66 50.23 82.81 72.27 23.07 7.73 92.13 43.24 70.81 22.71 47.41 4.34 42.56
Cassian613
1 12 16 17 18 19 20 21 22 23 24 25
52.05 74.77 45.14 6.42 53.07 7.38 9.99 79.83 89.39 14.96 14.11 68.02
Jyn614
1 15 16 17 18 19 20 21 22 23 24
91.90 87.94 42.80 19.57 15.11 67.10 64.26 96.77 62.93 70.70 42.29
Admiral615
1 5 10 12 13 14 15 16 17 18 19 20 21 22
98.05 18.50 95.37 27.32 90.20 51.86 83.84 8.78 63.19 6.60 79.78 84.77 32.22 88.98
Din616
1 13 18 19 20 21 22 23 24 25
72.78 29.39 65.00 21.05 43.42 11.94 99.37 29.73 89.88 88.07
Galen617
1 13 20 21 22 23 24
76.55 17.28 74.02 53.78 62.21 66.94 44.75
Armitage618
1 17 22 23 24 25
1.60 24.19 35.84 71.19 69.21 11.08
Maul619
1 21 22 23 24 25
74.83 79.10 88.53 40.26 69.08 99.19
Luke620
1 9 13 14 15 16 17 18 19 20 21 22 23
10.16 47.58 48.91 90.08 51.70 7.61 34.37 85.48 18.15 85.70 1.54 43.40 40.48
Grievous621
1 20 21 22 23 24 25 26 27
40.82 37.93 35.66 57.60 70.45 9.24 75.57 68.79 97.22
Moff622
1 18 19 20 21 22 23 24 25 26
19.70 36.02 98.87 85.41 87.75 17.69 71.83 70.13 50.41 53.82
Vader623
1 17 18 19 20 21 22 23
59.14 28.43 7.62 4.91 76.00 33.21 3.43 59.22
Ahsoka624
1 4 13 19 20 21 22 23
1.07 2.60 19.24 35.06 30.67 86.44 2.52 27.58
Leia625
1 3 15 16 17 18 19 20 21 22 23 24 25
34.92 29.77 3.47 39.16 61.87 91.67 24.80 22.45 64.54 10.60 98.35 52.34 53.19
Anakin626
1 15 16 17 18 19 20 21 22 23 24 25 26
57.98 54.95 84.69 45.31 47.18 53.49 54.99 77.66 8.17 80.68 21.25 56.60 44.27
Boba627
1 13 15 16 17 18 19 20 21 22 23 24 25
56.18 65.97 13.27 43.10 1.12 94.07 2.44 4.43 58.21 12.62 7.69 41.49 29.56
Palpatine628
1 11 14 15 16 17 18 19 20
36.95 57.93 13.15 53.38 35.83 78.34 49.20 27.46 45.58
Cassian629
1 14 15 16 17 18 19 20 21 22 23 24 25 26
92.84 86.56 91.51 61.93 99.50 16.69 41.85 48.59 97.82 4.57 42.89 30.43 97.24 66.90
Jyn630
1 12 14 15 16 17 18 19 20 21 22 23 24
5.78 24.44 40.15 52.84 9.33 28.25 85.73 5.06 80.48 42.30 93.42 3.18 78.11
Admiral631
1 7 18 19 20 21 22 23 24 25
59.17 29.97 67.92 25.57 57.80 72.48 10.36 90.08 43.49 90.19
Din632
1 6 10 11 12 13 14 15 16 17 18 19 20 21
59.70 6.92 52.74 89.97 45.55 58.46 33.60 76.97 6.48 45.33 43.75 63.13 27.33 32.65
Galen633
1 11 15 17 18 19 20 21 22 23
7.48 43.02 67.95 12.79 36.92 92.81 9.29 22.14 54.23 46.83
Armitage634
1 3 8 11 12 13 14 15 16 17 18 19 20 21
31.13 70.49 72.93 84.03 44.14 8.12 77.17 85.18 70.45 89.69 7.74 15.30 3.20 20.62
Maul635
1 5 9 11 12 13 14 15 16 17 18 19
39.80 99.05 54.56 30.10 7.71 21.70 10.48 80.57 38.39 38.09 24.10 96.51
Luke636
1 4 12 13 14 15 16 17 18 19 20 21 22 23
54.30 86.40 65.88 79.90 3.18 53.57 41.18 27.39 42.60 70.87 18.23 75.27 3.93 26.12
Grievous637
1 19 21 22 23
23.72 39.44 77.58 38.46 54.57
Moff638
1 6 13 14 15 16 17 18 19 20 21 22
80.18 34.12 60.21 96.53 31.35 10.44 30.89 72.23 97.77 30.17 95.55 1.03
Vader639
1 2 5 14 15 16 17 18 19 20 21
28.58 57.02 69.34 61.53 54.36 99.58 30.46 89.35 75.91 35.60 78.38
Ahsoka640
1 2 3 9 12 13 14 15 16 17 18 19 20 21
50.82 3.70 87.40 92.34 31.51 14.19 66.74 68.12 61.59 25.26 51.45 25.47 37.98 25.36
Leia641
1 17 22 23 24
74.41 63.07 47.48 10.65 51.57
Anakin642
1 2 16 17 18 19 20 21 22 23
80.94 43.74 76.53 5.21 42.76 52.01 14.92 56.09 71.44 12.18
Boba643
1 13 14 15 16 17 18 19 20 21 22 23 24
18.19 38.15 81.57 62.78 56.14 58.10 55.06 79.76 22.69 13.57 15.73 28.89 10.97
Palpatine644
1 11 16 17 18 19 20 21 22 23
49.36 14.39 25.38 29.27 41.87 14.38 42.06 45.71 46.40 95.50
Cassian645
1 14 15 16 17 18 19 20 21 22 23 24 25
8.35 96.94 54.71 41.32 78.48 67.97 43.94 72.64 45.51 9.46 71.47 24.03 97.43
Jyn646
1 13 14 15 16 17 18 19 20 21 22 23 24 25
68.15 42.86 4.65 6.23 96.08 1.94 50.82 24.61 57.99 43.45 93.30 58.04 31.50 48.23
Admiral647
1 7 13 14 15 16 17 18 19 20 21 22
11.17 79.19 70.81 5.87 52.37 48.39 92.25 27.99 23.32 20.61 4.73 8.35
Din648
1 16 18 20 21
30.22 71.68 59.44 84.69 87.21
Galen649
1 10 13 14 15 16 17 18 19 20 21 22 23
26.00 88.01 75.79 26.50 54.41 74.29 73.07 50.16 93.83 97.22 20.59 6.40 24.76
Armitage650
1 13 19 22 23
46.73 8.02 25.19 15.64 68.58
Maul651
1 14 17 18 19 20 21 22 23 24
66.81 3.76 47.77 31.05 77.39 17.55 98.29 35.08 86.85 92.02
Luke652
1 6 8 9 10
2.62 33.82 90.66 21.87 23.93
Grievous653
1 11 12 16 17 18 19 20 21 22
40.70 27.80 40.91 79.52 90.29 17.96 19.69 72.84 4.22 35.19
Moff654
1 19 20 21 22 23 24 25 26
61.12 73.16 33.30 73.12 66.14 81.34 3.07 5.63 21.10
Vader655
1 7 15 16 17 18 19 20 21 22 23 24 25
98.49 29.23 58.60 96.65 72.82 69.17 78.90 19.81 52.33 44.58 75.65 52.89 16.27
Ahsoka656
1 6 13 15 16 17 18 19 20
1.67 45.50 92.74 54.29 64.17 47.11 15.33 23.77 96.18
Leia657
1 8 21 22 23 24 25
37.37 51.75 14.00 27.85 66.78 46.44 57.76
Anakin658
1 7 9 10 13 15
50.91 78.94 46.92 88.08 50.36 48.87
Boba659
1 2 16 17 18 19 20 21 22 23
69.75 66.84 91.66 64.24 77.35 24.26 40.73 83.69 33.44 25.39
Palpatine660
1 6 18 19 20 21 22 23 24 25
80.17 72.32 22.66 45.86 87.68 77.59 8.39 20.32 66.74 76.67
Cassian661
1 9 15 17 19 20 21
59.42 36.57 69.09 31.05 2.13 1.85 26.78
Jyn662
1 15 16 17 18 19 20 21 22 23
52.36 58.98 33.43 9.51 30.91 2.51 19.11 45.20 53.73 69.44
Admiral663
1 16 19 20 21 22 23 24
62.76 47.80 73.10 47.70 51.82 58.75 74.75 85.52
Din664
1 15 19 21 22 23
3.76 90.69 67.79 10.30 57.83 18.44
Galen665
1 18 19 20 21 22 23 24 25
22.10 21.96 47.07 44.85 57.94 32.82 25.93 83.41 64.69
Armitage666
1 13 15 16 17 18 19 20 21 22 23
99.39 44.18 44.66 39.31 95.27 62.10 72.39 84.80 28.56 13.45 62.87
Maul667
1 9 10 14 15 16 17 18 19 20 21 22
13.96 34.49 7.70 46.40 48.47 85.78 94.24 20.63 9.02 38.07 20.26 43.10
Luke668
1 11 13 14 15 16 17 18 19 20 21 22 23 24
30.44 43.30 20.72 45.63 55.80 63.74 8.95 39.02 21.97 94.94 93.71 79.89 13.32 1.92
Grievous669
1 13 18 21 22 23
69.21 81.27 22.79 51.84 4.51 40.28
Moff670
1 12 19 20 21 22 23 24 25
89.94 99.41 17.96 76.84 77.28 79.78 11.68 98.70 38.97
Vader671
1 5 7 14 18 19 20
39.71 46.15 36.68 94.64 80.32 80.66 72.74
Ahsoka672
1 16 17 18 19 20 21 22 23 24 25
83.01 28.44 78.10 21.50 63.36 63.58 47.12 40.04 58.18 47.73 21.24
Leia673
1 11 15 16 17 18 19 20 21 22 23 24 25
70.71 25.94 96.23 60.43 77.13 40.45 23.36 10.39 91.05 35.47 22.82 66.72 22.63
Anakin674
1 6 20 21 22 23 24 25
22.13 54.60 37.96 60.79 72.67 29.34 80.16 26.13
Boba675
1 10 15 16 19 20
25.95 78.46 66.29 54.68 30.16 37.08
Palpatine676
1 8 12 20 21 22
4.10 21.99 54.02 82.06 71.46 78.17
Cassian677
1 17 19 20 21 22 23 24
62.98 92.20 22.45 79.27 31.39 70.88 12.64 12.61
Jyn678
1 11 13 15 18 19 20
88.84 66.67 96.72 83.84 75.94 64.93 25.97
Admiral679
1 14 15 16 17 18 19 20 21 22 23 24
99.04 81.18 40.12 24.69 27.36 2.51 79.42 51.59 66.98 41.21 46.61 56.42
Din680
1 6 14 15 16 17 18 19 20 21 22 23 24
33.85 30.72 70.76 35.62 72.60 32.44 89.89 33.19 63.00 22.12 38.98 10.77 43.03
Galen681
1 14 16 17 19 20 21
70.01 37.22 95.78 75.56 10.58 89.17 38.16
Armitage682
1 8 21 22 23 24 25
43.25 64.56 69.52 15.23 93.62 67.54 87.19
Maul683
1 14 18 19 20 21 22 23 24
53.60 58.08 17.85 18.98 25.20 68.85 67.87 18.41 50.60
Luke684
1 17 18 19 20 21 22 23
58.99 69.48 24.30 92.04 35.71 95.57 18.44 21.23
Grievous685
1 11 12 15 16 17 18 19 20 21 22
69.97 11.67 78.74 64.94 76.38 51.72 3.59 50.35 39.43 38.00 15.59
Moff686
1 9 14 16 17 18 19 20 21 22 23
32.23 99.98 71.46 81.58 8.96 10.26 41.70 61.84 42.04 21.52 58.78
Vader687
1 12 18 19 20 21 22 23
92.49 13.38 14.50 14.47 16.10 24.86 60.84 87.47
Ahsoka688
1 3 14 15 16 17 18 19 20 21 22
30.35 35.25 67.70 72.59 86.77 81.37 89.60 88.69 42.12 66.20 71.04
Leia689
1 19 22 23 24 25
36.50 46.72 35.11 95.76 82.84 92.02
Anakin690
1 4 9 17 21
87.40 42.78 60.65 67.85 21.81
Boba691
1 11 20 21 22 23 24
67.93 99.71 49.07 64.20 94.19 36.24 43.00
Palpatine692
1 5 15 16 17 18 19 20 21 22
28.98 67.51 17.69 11.79 87.70 32.91 85.19 8.47 7.21 30.77
Cassian693
1 17 19 20 21 22 23
67.36 97.16 19.37 99.99 5.67 71.28 68.57
Jyn694
1 6 8 12 13 14 15 16 17 18 19 20 21 22
66.50 60.64 49.62 63.66 12.98 65.40 79.10 46.91 35.23 77.99 40.14 41.55 6.87 78.65
Admiral695
1 9 10 13 14 15 16 17 18 19 20 21 22 23
84.77 92.46 17.28 96.85 46.39 5.52 49.21 19.07 19.07 35.38 78.44 89.72 30.44 61.47
Din696
1 14 18 19 20 21 22 23 24 25
76.42 95.46 75.00 70.12 99.98 88.29 64.47 38.48 95.91 14.93
Galen697
1 8 10 14 15 16 17 18 19 20 21
74.01 47.80 46.14 64.61 95.75 65.00 6.82 96.34 60.78 9.75 50.82
Armitage698
1 22 23 24 25 26 27
78.61 72.37 67.13 7.17 5.14 9.90 8.64
Maul699
1 13 16 19 20
52.58 36.53 51.42 54.94 35.30
Luke700
1 6 18 19 20 21 22 23
75.03 64.16 2.42 72.26 94.26 49.33 60.44 19.09
Grievous701
1 15 16 17 18 19 20 21 22 23 24
96.65 8.47 98.51 86.04 25.87 56.11 96.32 9.55 2.86 98.44 42.26
Moff702
1 21 23 24 25
3.63 53.04 17.84 99.28 48.82
Vader703
1 10 12 14 15 16 17 18 19 20 21 22 23
46.77 24.70 74.49 75.08 45.57 46.35 17.47 28.07 98.46 13.32 60.61 56.37 46.22
Ahsoka704
1 6 7 14 16
24.42 76.51 86.23 60.72 80.13
Leia705
1 22 23 24 25 26
40.73 44.88 8.01 84.97 44.89 69.55
Anakin706
1 12 15 18 20
84.50 44.31 29.15 85.64 90.00
Boba707
1 13 17 18 19 20 21 22 23
82.85 83.55 44.80 84.28 36.71 22.92 13.43 70.67 46.54
Palpatine708
1 9 20 21 22 23 24 25
32.49 33.91 44.64 57.95 66.15 13.11 58.60 79.07
Cassian709
1 13 14 15 16 17 18 19 20 21 22 23 24 25
39.32 56.09 20.31 79.59 21.43 73.79 5.13 13.45 35.21 34.41 71.46 84.56 34.37 14.21
Jyn710
1 2 11 12 13 14 15 16 17 18 19 20
98.28 60.92 19.14 29.82 2.40 32.59 83.54 31.17 99.15 99.75 44.28 34.32
Admiral711
1 9 14 16 17 18 19
19.43 82.55 82.33 48.48 34.68 81.94 72.77
Din712
1 5 13 14 15 16 17 18 19 20 21
97.03 97.47 79.14 37.89 42.38 88.88 85.25 91.89 73.54 94.56 61.61
Galen713
1 3 10 17 18 19 20 21 22 23
69.64 76.42 72.48 69.95 99.92 97.79 42.34 61.93 65.20 76.87
Armitage714
1 19 20 21 22 23 24 25 26 27
54.98 70.12 42.59 91.72 71.97 72.72 88.20 78.09 94.72 38.28
Maul715
1 19 20 21 22 23 24 25 26 27
64.71 96.88 54.09 83.71 23.41 49.62 72.09 73.27 47.28 95.33
Luke716
1 15 17 18 19 20 21 22 23 24
20.04 80.63 74.37 90.93 2.71 20.07 42.63 94.16 78.13 91.69
Grievous717
1 13 17 18 19 20 21 22 23
90.05 26.23 28.93 88.23 90.75 98.32 83.26 34.68 42.06
Moff718
1 13 14 15 16 17 18 19 20 21 22 23
51.93 30.07 37.38 71.83 71.66 51.91 32.35 29.76 67.79 18.24 96.18 60.62
Vader719
1 6 7 14 15 16 17 18 19 20 21
99.14 12.90 5.25 29.12 73.50 55.67 48.53 52.34 62.76 26.12 67.01
Ahsoka720
1 10 11 16 17 18 19 20 21
32.27 76.30 21.40 96.56 8.47 34.67 30.72 98.13 41.91
Leia721
1 6 7 20 21
63.12 11.87 76.37 54.32 87.52
Anakin722
1 7 12 14 15 16 17 18 19 20 21 22 23
67.57 43.51 4.83 30.19 47.01 56.54 45.50 31.21 44.01 38.10 52.87 84.70 74.71
Boba723
1 12 14 21 22
5.16 28.34 41.23 61.92 76.20
Palpatine724
1 11 20 21 22 23 24 25
21.54 26.58 76.41 77.94 19.54 34.05 29.75 63.47
Cassian725
1 8 20 22 23
25.25 98.15 32.26 35.02 54.84
Jyn726
1 11 12 19 20 21 22
88.50 41.43 30.24 9.51 87.97 52.76 29.01
Admiral727
1 8 9 13 14 15 16 17 18 19 20 21 22 23
95.55 43.51 43.48 21.00 11.84 37.39 3.75 93.15 89.38 17.64 74.48 79.45 82.80 1.64
Din728
1 9 12 14 15 16 17 18 19 20 21 22
84.93 69.60 86.47 76.72 42.11 36.05 62.63 44.59 94.28 29.33 75.33 38.95
Galen729
1 9 13 14 19 20 21
80.53 75.64 95.20 27.91 38.37 25.29 21.14
Armitage730
1 15 19 21 22
87.77 4.32 88.43 66.19 77.67
Maul731
1 6 11 16 17 18 19 20 21
73.94 83.12 17.01 44.14 46.93 6.11 53.43 64.05 92.27
Luke732
1 15 16 18 19 20 21
53.66 42.14 25.46 53.68 34.69 53.35 72.38
Grievous733
1 11 12 14 17 18 19 20 21
38.74 40.42 87.24 27.46 76.66 10.99 74.15 99.78 44.76
Moff734
1 14 15 19 21
85.97 68.93 55.14 88.28 37.63
Vader735
1 13 16 17 18 19 20 21
88.24 49.80 81.58 32.49 38.90 21.67 20.69 30.91
Ahsoka736
1 10 14 15 16 17 18 19 20 21 22 23
30.71 94.01 16.59 75.11 23.92 85.25 68.45 93.99 42.65 92.69 16.88 27.04
Leia737
1 7 13 18 19 20 21 22 23
65.31 21.17 55.15 84.21 90.72 58.87 54.54 67.51 76.48
Anakin738
1 2 13 14 15 16 17
9.68 73.11 27.07 76.47 63.12 71.25 51.21
Boba739
1 23 24 25 26 27
54.44 74.93 9.65 46.26 72.87 80.08
Palpatine740
1 16 17 18 19 20 21 22 23 24
9.21 78.52 4.95 33.04 37.60 70.90 65.78 75.19 91.95 73.96
Cassian741
1 4 16 21 22
86.58 78.67 17.34 62.34 24.05
Jyn742
1 11 14 15 16 17 18 19 20 21 22 23 24 25
44.04 58.18 62.91 26.74 79.17 67.33 87.72 49.06 64.66 12.11 53.20 88.95 91.93 63.98
Admiral743
1 11 19 20 21 22 23 24 25
32.43 24.98 3.57 72.42 49.08 73.79 24.23 32.47 34.99
Din744
1 23 24 25 26 27
69.18 73.12 4.24 37.42 86.65 62.93
Galen745
1 6 9 12 19 20 21
46.35 52.53 76.45 14.83 38.57 94.32 30.10
Armitage746
1 2 4 10 18 19 20 21
81.93 48.35 68.33 11.39 86.46 40.87 33.44 29.43
Maul747
1 16 17 18 19 20 21 22 23 24 25 26
49.96 32.90 13.64 91.56 74.17 46.34 1.05 42.12 58.88 47.69 8.33 56.72
Luke748
1 12 20 22 23
77.90 97.79 74.98 13.99 65.99
Grievous749
1 4 9 10 16 18 19
16.31 77.40 27.20 86.77 81.75 29.57 63.40
Moff750
1 10 11 15 17 18 19 20
72.61 76.99 54.50 73.77 83.64 9.56 67.08 32.82
Vader751
1 5 9 12 18 19 20 21
11.08 8.16 51.00 93.89 46.94 25.33 71.32 12.84
Ahsoka752
1 22 23 24 25 26
53.38 72.48 48.41 4.11 2.31 24.98
Leia753
1 16 17 18 19 20 21 22 23 24 25 26 27
22.39 38.29 17.50 18.96 44.54 30.80 87.06 43.15 51.63 57.43 97.63 23.46 10.79
Anakin754
1 6 7 8 12 13 14 15 16 17 18 19 20 21
78.11 53.66 88.57 72.81 1.61 54.21 60.82 53.95 65.15 30.89 52.46 17.13 21.30 95.12
Boba755
1 5 10 14 15 16 17 18 19 20 21 22 23
42.64 17.44 42.02 90.55 98.76 80.38 95.63 68.36 68.18 1.51 10.22 36.20 94.17
Palpatine756
1 8 13 18 19 20 21 22 23
98.20 63.10 2.00 71.20 13.44 41.93 77.42 90.04 20.41
Cassian757
1 5 12 16 17 18 19 20 21 22
67.75 87.53 27.08 3.97 71.82 91.88 94.56 35.47 19.45 3.74
Jyn758
1 13 16 19 20 21 22
20.21 17.08 54.92 27.31 10.10 7.46 47.48
Admiral759
1 8 12 17 18 19 20 21 22
84.89 28.99 18.59 15.99 55.38 7.40 48.46 38.11 54.71
Din760
1 17 18 19 20 21 22 23 24 25 26 27
46.01 55.84 86.25 65.86 16.16 7.31 5.16 59.76 2.37 37.31 73.43 9.36
Galen761
1 4 8 10 11 12 13 14 15 16 17 18 19 20
91.67 23.60 80.32 38.44 57.29 89.84 73.44 90.48 92.42 18.98 58.42 42.39 2.32 73.05
Armitage762
1 16 20 21 22 23
35.15 28.92 82.43 85.15 71.07 81.42
Maul763
1 15 16 17 18 19 20 21 22 23 24
31.89 6.07 6.40 21.25 80.98 83.26 50.52 73.18 79.34 39.67 81.59
Luke764
1 18 19 20 21 22 23
27.00 93.41 59.90 48.49 63.40 15.81 75.33
Grievous765
1 12 14 16 17 18 19 20 21 22
6.80 24.23 5.30 72.37 88.05 48.08 44.90 47.23 38.81 35.76
Moff766
1 4 8 22 23
40.01 4.55 92.31 77.90 4.18
Vader767
1 4 12 13 14 15 16 17 18 19 20
65.40 23.98 47.43 13.44 12.46 50.67 69.78 11.28 15.13 72.63 40.30
Ahsoka768
1 19 20 21 22 23 24 25
43.59 99.19 83.20 61.74 84.71 11.63 9.63 93.97
Leia769
1 18 19 20 21 22 23 24
69.91 58.28 49.18 95.47 40.51 58.55 39.11 7.09
Anakin770
1 8 17 18 19 20 21 22 23 24 25
61.46 45.83 47.91 91.00 1.44 71.94 46.90 91.46 85.32 22.05 88.47
Boba771
1 6 15 16 17 18 19 20 21 22 23 24 25
2.21 68.83 68.23 17.74 30.09 61.59 46.59 94.57 86.42 32.91 3.61 74.28 36.17
Palpatine772
1 13 14 18 20
5.03 23.86 21.79 91.57 66.12
Cassian773
1 12 15 16 17 18 19 20 21 22 23 24 25
7.44 88.17 38.44 79.33 22.26 5.07 26.30 51.49 22.98 17.03 33.90 91.91 69.94
Jyn774
1 2 6 11 12 13 14 15 16 17 18 19 20
70.75 89.81 63.62 91.66 82.44 30.85 2.15 64.51 32.79 57.18 65.59 53.50 75.45
Admiral775
1 3 9 12 13 14 15 16 17 18 19 20 21 22
8.94 14.93 28.03 76.59 65.13 74.15 33.09 48.12 14.18 9.04 73.45 96.31 92.39 71.93
Din776
1 16 17 18 19 20 21 22 23 24 25 26
21.34 40.83 32.88 48.85 79.95 85.54 5.17 12.14 84.85 58.08 21.34 69.04
Galen777
1 6 9 10 11 12 13 14 15 16 17 18 19 20
28.85 13.43 35.74 4.74 32.93 92.31 37.91 96.01 1.93 5.31 79.78 65.87 39.88 15.49
Armitage778
1 5 15 16 17 18 19 20 21 22
6.59 29.62 76.43 29.54 4.39 79.44 2.66 39.92 53.75 37.30
Maul779
1 11 14 16 17 18 19 20 21
36.22 31.65 56.45 40.20 72.77 7.02 50.94 12.66 17.03
Luke780
1 14 17 18 19 20 21 22
81.76 88.41 70.79 15.67 58.09 52.82 27.45 54.54
Grievous781
1 16 18 19 20 21
79.25 83.69 58.42 89.90 72.89 62.06
Moff782
1 3 11 12 16 18
74.54 48.38 46.83 71.62 41.34 43.97
Vader783
1 17 21 22 23
14.47 87.00 35.42 89.45 90.43
Ahsoka784
1 5 9 17 18 19 20 21
50.49 23.62 47.89 63.16 14.54 64.40 74.61 97.74
Leia785
1 11 23 24 25
60.12 79.71 60.82 61.97 10.84
Anakin786
1 14 19 20 21 22 23 24
24.45 29.41 50.45 12.52 8.11 25.60 45.80 47.02
Boba787
1 14 15 16 17 18 19 20 21 22 23 24
29.01 24.38 48.63 53.23 45.18 86.40 30.93 12.37 88.35 30.03 31.63 23.84
Palpatine788
1 10 16 17 18 19 20 21 22 23 24
3.10 41.26 63.58 99.61 86.02 71.11 89.58 44.81 47.49 85.77 74.23
Cassian789
1 9 21 22 23 24 25
48.83 95.62 92.37 78.15 68.95 67.34 23.51
Jyn790
1 9 12 13 14 15 16 17 18 19 20 21 22 23
22.07 94.41 32.39 93.57 34.11 65.70 60.29 25.71 41.73 72.96 98.69 56.62 99.52 53.25
Admiral791
1 6 16 17 18 19 20 21 22 23
1.76 68.80 66.37 82.36 27.01 53.67 77.99 4.30 8.30 41.66
Din792
1 12 16 17 18 19 20 21 22 23 24
33.63 80.37 86.45 2.37 59.54 79.99 64.70 12.20 43.20 89.96 65.95
Galen793
1 12 19 20 21 22 23 24
99.21 36.21 90.25 75.83 30.84 56.41 69.26 1.10
Armitage794
1 15 16 17 18 19 20 21 22 23 24 25 26 27
46.53 20.77 6.22 88.59 95.09 45.83 74.96 11.51 13.61 48.90 4.53 27.80 54.93 27.99
Maul795
1 18 19 20 21 22 23 24
53.92 54.28 47.45 16.09 14.80 72.33 9.83 97.67
Luke796
1 20 22 23 24 25
27.62 91.14 46.53 25.17 6.29 52.27
Grievous797
1 9 15 19 20 21
19.52 40.98 66.00 9.93 80.75 86.20
Moff798
1 3 5 10 12 13 14 15 16 17 18 19 20 21
62.68 90.36 21.22 76.18 61.84 87.03 47.63 66.75 32.02 29.42 88.13 56.86 7.25 24.64
Vader799
1 12 15 16 17 18 19 20 21 22 23 24
6.57 90.39 27.66 31.36 68.17 23.29 11.04 85.61 17.79 25.72 6.50 42.35
Ahsoka800
1 14 15 16 17 18 19 20 21 22 23 24 25
77.85 6.57 56.44 2.10 24.67 43.53 60.13 3.32 21.75 92.32 78.61 31.62 12.20
Leia801
1 17 18 19 20 21 22 23 24 25
81.75 72.65 16.53 54.02 67.04 50.45 35.86 11.79 77.29 10.06
Anakin802
1 15 16 17 18 19 20 21 22 23 24 25
58.87 46.29 77.90 27.68 34.88 48.63 16.81 43.07 70.50 17.96 16.20 58.66
Boba803
1 12 15 16 17 18 19 20 21 22 23
8.70 64.02 46.58 40.32 92.41 23.90 43.55 50.45 39.04 90.05 6.03
Palpatine804
1 18 19 20 21 22 23 24 25
84.34 38.86 99.94 2.28 99.03 84.80 85.12 81.25 40.34
Cassian805
1 13 17 21 22 23
36.80 3.42 97.47 82.33 11.47 96.26
Jyn806
1 12 16 17 18 19 20 21 22 23 24 25
18.06 26.23 87.15 16.28 52.39 23.07 63.16 8.30 55.20 21.99 22.17 29.60
Admiral807
1 11 12 16 17 18 19 20 21 22 23
54.18 3.48 21.14 24.00 8.19 99.97 60.09 1.43 57.98 88.06 85.46
Din808
1 16 17 18 19 20 21 22 23 24 25 26
83.37 12.08 67.67 47.71 31.88 58.89 13.15 38.35 33.04 63.64 60.21 65.77
Galen809
1 5 7 11 13 14 15 16 17 18 19 20
41.65 61.73 33.08 26.25 72.79 63.80 8.93 16.55 85.55 86.77 81.39 72.66
Armitage810
1 5 18 22 23
69.06 28.82 76.30 60.00 29.92
Maul811
1 5 9 12 20
83.68 8.83 24.25 13.56 56.18
Luke812
1 16 18 19 20 21 22 23 24 25
63.75 29.82 61.68 21.49 18.26 92.54 15.28 7.46 94.32 43.38
Grievous813
1 2 5 9 11 12 13 14 15 16 17 18 19 20
7.46 48.62 40.15 47.80 21.81 42.30 91.14 84.84 53.59 67.00 33.19 81.33 74.16 91.01
Moff814
1 10 11 13 14 15 16 17 18 19 20 21 22
78.29 54.38 51.40 3.27 20.42 55.82 5.12 12.92 86.33 60.39 49.37 62.81 56.46
Vader815
1 14 18 19 20 21 22 23
7.33 77.62 90.29 40.80 28.04 84.31 18.18 47.11
Ahsoka816
1 6 16 17 18 19 20 21 22 23 24
78.01 88.20 14.87 33.50 37.69 60.45 25.58 77.29 72.65 93.54 4.24
Leia817
1 2 9 12 13 14 15 16 17 18 19 20 21 22
98.60 2.83 41.96 30.04 43.65 90.13 55.63 79.14 70.13 44.58 94.94 52.31 65.96 80.83
Anakin818
1 20 21 22 23 24 25
8.02 66.38 55.28 51.66 68.77 20.91 7.45
Boba819
1 3 10 13 14 15 16 17 18 19 20 21 22 23
22.08 47.91 27.24 34.67 81.76 26.93 50.90 39.67 29.36 64.48 75.12 46.89 65.36 63.93
Palpatine820
1 12 16 17 18 19 20 21 22 23 24 25
99.09 80.32 93.23 62.61 69.01 2.31 81.55 20.57 34.69 79.34 78.62 66.52
Cassian821
1 17 18 19 20 21 22 23 24 25 26
56.41 15.39 56.33 60.41 23.04 18.52 59.28 16.16 73.04 24.55 97.29
Jyn822
1 8 11 14 15 16 17 18 19 20
73.84 58.30 42.48 71.09 69.03 2.55 91.65 33.68 22.68 63.64
Admiral823
1 10 12 13 14 15 16 17 18 19 20 21 22
43.05 85.28 16.04 3.28 54.08 53.22 51.92 31.16 21.23 74.42 41.99 21.62 95.20
Din824
1 18 21 22 23 24
39.94 88.43 48.08 29.25 92.23 87.53
Galen825
1 2 21 22 23
31.94 77.32 60.82 72.31 88.27
Armitage826
1 14 18 19 20 21 22 23 24 25
77.36 8.69 24.57 14.01 54.13 67.53 47.69 82.64 46.45 91.51
Maul827
1 15 17 18 19 20 21 22 23 24 25
1.08 72.42 65.11 45.58 11.15 77.42 93.88 6.80 88.00 28.73 68.89
Luke828
1 19 22 23 24
68.00 77.70 40.25 50.97 72.42
Grievous829
1 8 17 18 19 20 21 22 23 24 25
56.43 90.46 29.35 74.64 40.57 26.87 22.76 59.97 35.28 73.14 42.45
Moff830
1 4 5 6 9 12 13 14 15 16 17 18 19
71.85 21.16 20.19 13.56 12.87 24.09 29.41 10.34 61.49 94.15 9.19 12.11 84.76
Vader831
1 17 18 19 20 21 22 23 24 25 26 27
28.58 39.49 33.16 48.82 94.61 91.21 88.78 1.52 27.30 9.92 33.62 27.64
Ahsoka832
1 6 13 15 16 17 18 19 20 21 22 23
85.81 5.64 84.37 7.60 6.25 6.20 73.01 95.80 47.08 51.73 74.06 21.03
Leia833
1 2 10 18 19 20 21
65.65 27.13 9.82 69.30 14.07 83.98 74.41
Anakin834
1 8 9 15 16 17 18 19 20 21 22
50.37 58.10 83.76 10.88 60.32 81.66 9.30 9.35 51.73 8.78 72.07
Boba835
1 10 14 15 16 17 18 19 20 21 22 23 24
47.33 63.90 91.55 84.31 20.96 94.28 92.29 1.53 63.88 40.67 7.96 33.85 58.24
Palpatine836
1 15 19 20 21 22 23 24
53.55 47.07 8.35 38.76 93.94 42.51 85.47 30.91
Cassian837
1 16 18 20 21
44.82 95.68 74.70 85.09 53.33
Jyn838
1 16 17 18 19 20 21 22 23 24 25
39.83 58.50 74.37 54.27 48.23 96.99 8.45 73.69 74.78 90.78 80.27
Admiral839
1 9 15 16 17 18 19 20 21 22 23 24 25
12.02 63.44 85.23 35.38 81.76 35.76 30.30 66.22 5.71 26.42 87.99 45.95 22.59
Din840
1 8 12 13 14 15 16 17 18 19 20
81.61 49.78 59.37 42.75 82.07 19.00 71.98 31.47 80.65 31.36 49.55
Galen841
1 17 18 19 20 21 22 23 24 25 26
52.01 74.19 48.42 65.79 64.90 65.43 74.22 14.18 15.39 20.85 97.16
Armitage842
1 10 13 15 16 17 18 19 20 21 22
6.71 19.82 21.13 55.93 94.45 81.16 32.94 64.69 22.72 7.42 9.82