10000
49976
9709
9885
16409
41411
34067
19872
21097
37847
29719
5821
46482
35152
4258
24008
23457
37496
11198
23110
42258
48042
17503
3333
29066
21590
36068
6538
6586
18426
16783
44788
4500
19764
34733
21674
37690
378
35656
36780
23689
3280
46861
38658
15962
24649
36466
5847
36269
44583
5043
38592
47674
30719
21535
36191
19509
47284
19657
16184
47043
21701
1901
1957
1502
4551
5744
14760
599
6354
20668
4637
5821
6439
5231
42286
20299
4974
40549
20502
30333
29146
20308
29537
4342
8403
17665
25408
35369
1725
36292
4034
37114
41937
46173
26900
28935
8243
24786
15896
22224
48361
20790
45964
49178
45893
30465
14219
5062
16903
26792
3332
6785
22089
7296
35145
3843
47335
29542
27706
12516
36023
32529
25223
30558
992
48140
15799
27575
2716
39263
36217
45799
2976
10242
36563
36993
40049
20914
39980
3892
22280
47633
34497
8747
1804
23415
24533
7289
19110
4625
49406
13784
2205
3450
44988
1654
11155
43839
32511
44663
39980
43549
15431
5601
23058
46450
1274
32998
42438
27382
40411
31526
45859
16466
37834
28410
12580
41037
47170
16471
45653
11105
48429
14170
24750
28639
42233
44473
23233
31846
13697
47236
26832
43103
28503
4342
38962
23226
22224
22884
19496
45360
31493
39308
29652
38938
42233
26615
45511
17857
45818
7493
6685
47327
48796
48542
34622
20678
25591
34642
37155
10828
36447
47955
12015
31077
4850
3059
22267
36433
9579
18250
40850
19766
46654
33214
49775
6748
5517
14928
31904
29761
31969
26926
9694
13720
17633
21848
15805
36130
11989
3611
25061
29592
48408
43439
35876
27428
10027
23512
11991
12167
34799
23064
32097
12177
21589
4363
45794
3947
814
225
49189
16182
23788
438
22408
47213
4669
31812
14333
49023
17717
25424
16903
49630
10411
15089
42528
30530
39917
13069
3313
47425
26384
12612
40091
30570
41568
22039
12570
25733
15438
41768
39322
37962
46550
3947
17766
18166
44242
4148
9825
36839
11986
15984
48536
20174
1597
42426
4501
31284
27423
22104
48797
13281
28133
24959
10725
21555
1261
39205
4603
9756
12266
20790
39701
47714
45581
47258
31383
39786
19797
40261
49518
28999
32995
44822
22319
15739
37046
28914
9909
39732
11653
43891
22108
20562
19892
14901
29215
25110
27039
10526
2880
29911
3612
22572
26567
22686
11696
20208
31530
40061
40892
27450
44801
17851
16497
9361
30206
36176
47901
40293
12101
24164
19613
16989
44235
48018
804
20420
22879
41824
11801
22879
44223
2641
37606
31021
20916
10116
19140
1306
1595
46173
32698
11619
30247
32155
36861
21689
39342
19219
23998
5410
41821
12736
10397
40143
22212
32997
35066
41640
26428
12625
12280
38378
13127
5734
47070
35754
6908
35101
26025
28879
35063
31429
37999
32477
35146
23069
10639
7823
40163
15534
18992
29547
31869
7573
31873
49671
338
24620
10178
32281
9742
11023
8860
49885
46115
9619
10897
1678
12771
20951
37272
34710
42978
24684
31697
21244
17539
12636
12628
19478
6987
26266
17981
20254
4257
11388
39873
9361
23899
49456
7695
3616
18155
47840
27892
49033
48575
21171
27926
1066
4213
22057
30051
40187
23920
32261
47814
10858
10752
4771
4435
8334
21112
3092
17638
25675
19866
16587
29887
12858
15384
39690
36478
40924
25241
38454
26507
6742
24113
40006
3318
8142
40331
19245
41717
14938
46473
22380
18991
8679
32426
8745
25543
12803
6412
10767
18835
35381
40607
6885
31247
48561
13214
23805
28450
32446
48095
32529
39931
16234
16395
27280
47436
6157
42014
27646
20250
47982
44195
22077
28492
31692
6056
25175
46874
7298
27431
2173
31768
43701
4077
21416
13820
27016
22956
29749
46844
10840
25117
6254
41299
48554
13493
36987
37220
6972
22855
17049
37201
31362
23092
26631
24707
4216
45016
44507
36854
13999
49980
5867
43590
25547
10718
31343
7193
20804
31044
612
6955
7135
6292
17078
13967
20585
14730
9762
40065
33137
32562
44769
13120
6296
31586
21488
48152
18108
49101
8002
39977
27123
14232
26134
48531
24750
23477
28970
32370
16937
31005
22800
9395
17190
5980
20949
36334
25567
10029
29174
195
12471
12858
1004
5507
21817
42984
16681
20971
5464
13554
31228
17871
49688
20319
5529
40530
4888
29960
29354
45954
31753
12172
16708
35841
30644
18192
2047
29147
26116
21754
40530
37543
35142
15898
16696
9244
5910
454
43761
48939
23829
601
40037
2859
42783
26427
49933
18360
12614
17094
34417
46841
38301
10913
39893
7292
22374
44377
15022
15322
9736
9060
32169
9130
23246
35170
33897
19535
49166
24491
15211
35963
3902
23486
19061
14027
37337
9389
16096
3255
3489
8283
9553
45406
6242
24344
2751
4814
6448
33705
39732
42257
6845
34736
29265
32935
12890
48909
38627
7351
912
32890
46378
11086
9736
43000
22691
35787
8382
37786
11690
19037
30310
13069
22747
45196
4235
36556
46685
2801
2584
35850
48474
16644
21284
44551
126
24279
48771
26002
6234
7363
27863
23216
39896
17986
11450
26520
48567
8942
11826
7538
7856
34742
43941
39286
46178
37117
14834
7331
34786
14716
15101
16273
35728
1786
23342
9102
24987
44697
41252
44397
9259
18383
35259
17775
32604
16979
20428
19536
23565
34249
33716
40004
14251
19751
6644
17721
20336
6125
11879
23365
5001
1355
24376
34004
10385
27412
5268
28157
27315
13318
35949
22009
37793
16308
513
21083
4975
49523
37027
29690
2280
38485
2008
42572
16601
11410
17906
39273
30632
415
387
11990
35812
41587
40798
31926
491
11988
49290
47500
17607
30742
45806
10134
32342
29552
19347
39840
3041
15218
10783
23304
28015
3011
10834
31761
26747
45164
2773
4608
46508
13108
18948
17390
24402
15617
21225
39561
20478
47536
8137
38280
49686
15413
45677
49349
29189
26993
14438
15399
22811
11306
13115
34417
6265
4837
7269
18811
45194
47179
12678
36321
23049
26445
4613
39328
27339
728
47936
38349
902
46944
48049
38857
39501
2501
29406
37929
18250
18407
6563
18734
7200
34677
22528
36318
40706
20184
40601
7784
36160
39472
38771
3590
15095
18474
20292
34361
13741
29541
20090
39434
30681
3784
4300
9141
46426
5276
29407
12749
13440
17409
48236
7918
5449
46370
22321
25574
31682
40552
24094
6156
15127
7537
37749
9339
3852
32236
44642
29564
30956
10763
7679
23943
11829
14625
49214
47446
17061
38988
48742
42692
35534
16894
19855
48083
45055
48573
10791
18573
37186
1283
9262
47913
48885
30469
20186
39891
36003
7464
24463
48751
32730
12438
17981
45777
26692
13846
22684
19832
41526
7237
5706
34564
7527
26973
38344
43903
16186
24125
23939
10546
46352
22624
22629
29148
18087
23597
1365
27131
25319
24760
39586
1193
19888
7702
24519
46886
17686
20953
25185
1950
22266
858
40902
1492
12493
25417
28293
34553
18613
38521
20672
47109
15438
13292
15003
6157
42290
43606
14606
23161
16772
12297
30272
32841
43502
33033
8513
35058
29535
393
23298
33388
5344
9295
36823
43843
13954
20594
5603
1189
21127
4411
30514
8291
16315
36541
23241
6033
17514
6165
37096
37460
13143
14997
37098
40045
20565
9004
12838
24199
14002
33867
17723
34518
24243
44475
49934
42623
38732
26907
23629
36912
33470
8602
13803
5072
47450
38724
44515
49764
16282
16057
28220
36542
14139
26229
3355
45777
12169
23533
8475
37116
47131
5145
23798
35841
6164
27190
5248
15391
22316
2735
31820
29243
40752
1563
34403
38409
7395
40358
23084
37825
171
9800
30392
6111
17997
31995
39938
38350
14176
27637
23472
20804
8978
47382
14516
19834
40824
35970
3411
34664
16722
875
46863
5093
378
49423
44906
20777
30772
39687
49555
48278
44866
10781
32383
25725
35602
17618
2738
22639
10392
43685
34392
24224
25853
2929
26044
25291
11760
18462
40277
8828
10856
31477
36327
38231
1474
48475
34338
10197
36761
28749
22658
47365
27699
46876
45152
5949
17094
36934
32535
33801
38240
36145
20273
38591
25051
45652
25739
14175
40117
15306
38992
25543
13370
37484
14803
19259
36806
2179
38364
6772
40084
21941
23509
12604
27709
30582
40176
38017
40981
43983
7392
13497
16937
44843
29082
153
2093
15742
42667
960
40960
46512
44573
7656
48031
32576
2547
38077
37207
10661
11991
11717
24493
47080
2376
18387
38183
1643
280
5988
15751
37192
7546
48613
38164
30707
6670
5478
458
17034
10620
44477
42062
10338
30985
31602
11576
1605
46626
28860
18502
22718
14775
48896
28754
48968
27953
34071
41706
32176
32967
11403
43981
16071
42801
22480
19242
34026
38226
39233
3824
26817
23631
2261
15208
44667
20727
8318
44075
13534
4556
27524
40926
317
8529
48854
45137
5460
49121
34579
47713
44296
46251
10447
48951
399
42423
28593
18806
45199
2234
14473
40798
18151
3998
47395
19994
880
16907
26652
11795
46880
40446
41700
31055
45601
17522
45348
30401
6027
19220
23493
42536
40248
36980
13604
13754
11915
7526
46833
14976
37985
36927
25417
2159
44681
32793
47857
10124
30239
47825
9264
2558
27653
33644
33203
16225
40385
1188
34383
29278
42816
32813
18647
1950
45029
41673
47817
32906
18507
25973
32192
46036
15259
19240
12738
20592
37952
42889
8366
2210
32762
24051
31044
33604
29790
49872
13000
21460
48166
39329
45744
10461
14221
24957
229
16228
11518
49848
31146
26461
40901
49762
15984
13604
17261
6269
41342
12921
17221
24469
24726
7070
18594
8006
10
21951
38103
24878
48688
28889
28615
29823
27028
15092
40944
32969
21373
27684
38103
29850
9923
16619
21851
34921
19576
48304
42348
39225
40653
34849
11775
43049
673
23528
31896
46044
726
17259
23710
10572
34456
49677
14589
48827
40181
17745
44560
20692
31254
30725
48805
17185
8417
16838
7827
43903
30601
37947
30250
9887
7393
48195
45744
19993
27220
44710
37208
13028
202
47188
31982
33668
23563
8447
1626
23482
20527
49916
38580
15266
10684
34398
35908
15345
40985
33447
43208
10474
41685
18197
7814
39559
20872
627
35413
25532
24505
26848
18338
19413
16308
25262
32977
16834
23305
40199
49949
17117
48303
36005
32020
6392
20211
37443
15084
9142
36734
29754
26967
17108
1661
25748
47265
20523
20763
17900
49040
34281
46132
20574
39731
30826
48679
21229
34382
12324
2485
49741
48970
26959
32692
41807
45458
8104
10710
15834
43023
40538
26680
2661
31863
34880
29296
14001
36951
19999
47393
8594
29169
43257
46021
14719
20351
146
22124
43922
6951
48130
11387
33607
44289
44330
8357
35494
39607
33031
46482
22836
47555
46972
43403
21775
36131
25857
39508
31232
14600
46593
44520
31347
27446
2396
7754
42618
20053
12080
42534
36622
22445
36620
14243
14485
27196
27362
44473
11105
6373
29170
40847
1549
20281
12194
33208
31015
17671
7993
32087
11269
13067
29258
24618
24593
1929
7570
36414
899
38465
40252
15293
34917
4074
45680
34207
38138
36676
36192
16262
24530
22422
29148
4243
9958
21699
29593
30781
12728
10734
32519
42916
26667
18589
8745
46663
48801
26908
6106
12942
30790
26361
16774
26180
37065
39433
32360
10823
32830
23909
30675
39022
41997
15245
11996
4821
8483
48831
28026
46349
14299
25118
23836
7694
4380
41540
41563
6413
41205
15215
14803
10971
11915
9542
14331
34783
36855
5940
39011
19998
31247
29270
30585
14666
1058
41720
27410
41536
10025
15347
10149
15339
37262
27851
31910
38154
3933
49674
16427
39192
33046
3042
449
26180
18592
25207
40759
30406
18968
8782
1936
6470
4923
21834
38320
40752
34077
29180
32526
29749
42519
44198
3249
10532
38911
37386
47163
10782
8100
13886
33219
35174
29306
47252
22840
18135
38631
20838
46127
476
16840
31350
22522
28782
11165
1378
24109
32014
4214
28974
41178
49321
23978
22737
22573
16726
46411
30284
27862
18044
26075
16459
44443
17164
946
35198
40295
14638
4638
15567
42316
11449
33020
48175
893
16750
2474
12880
23716
4401
3911
32533
35676
5205
45
20350
47154
17891
33412
10411
40019
32101
9147
21819
9174
30886
39638
7031
27678
28570
37807
24064
35098
2223
22034
377
32045
41435
48470
23524
48646
21605
15883
49937
41065
545
44043
18580
8149
46829
9156
40622
9777
31031
28874
9782
9521
47760
25007
40521
6911
37238
4224
42905
18718
40045
35744
33596
14492
47613
20315
12200
8849
4097
36598
973
11898
22275
19520
3756
39662
47333
20093
36953
38306
37550
17754
21313
29577
30189
4363
48368
39992
24222
33661
49452
32973
38915
31215
48433
21409
48747
37640
21508
47923
658
12268
18706
31501
39205
5299
22120
42078
48840
13988
25307
29195
20235
22404
16772
46875
9343
34940
38017
34517
33717
882
13232
32792
40501
41067
13394
34271
34456
27964
22257
40826
22416
37332
15540
23741
12628
33031
47452
7891
3597
16537
10649
28345
7241
19229
46668
36344
25439
38632
33971
11692
37383
19433
19812
20319
7541
6344
40323
39001
40487
48622
40469
4072
39374
15446
11783
27295
19406
37236
11200
10035
36312
20472
8691
26358
12524
42599
34911
36763
30527
19226
12610
36856
13687
47950
7175
39486
29754
21875
22349
34607
31185
21186
46881
18444
39448
32965
26712
32416
37573
17860
45102
2714
6318
37179
40084
23435
24561
25519
24566
29718
3770
42144
49499
12492
39751
8949
14600
33101
42250
44129
34316
4329
44463
28392
8946
14194
49997
44935
32137
30199
44426
15318
36320
34734
32227
10805
37105
6766
7570
2810
36101
31054
29233
26673
29209
33752
45697
20130
44035
12423
6433
11583
45731
49280
49276
23559
5337
18750
21858
23573
18466
24354
27124
48046
45060
25329
29089
44870
12848
40421
15233
26773
38140
44833
36157
709
17627
6467
31494
38178
33978
39245
3416
27581
46200
34587
15587
2517
2945
16921
25879
19256
23268
5467
5781
12547
34703
2494
8054
41382
42915
17745
16913
45372
30720
29789
1754
17985
46770
27673
46300
15053
45850
20471
39922
5694
33366
48035
46840
38031
46384
23602
11950
34011
22341
37773
19062
45944
14432
3813
38524
2443
9602
26251
36379
42903
41034
28279
16479
37812
12105
28620
30313
16800
12876
15200
16698
27582
13351
21212
24934
26721
9994
18980
30540
7494
33270
8420
22281
1025
44357
39793
22816
44361
8591
25009
3023
43167
31691
7743
11820
17317
32356
30296
19111
4839
1458
4303
9421
13358
13694
13145
17685
48490
12341
46237
16727
15483
31499
39239
47995
33792
3142
19690
33318
24267
18138
34543
15584
25147
21463
14657
579
16175
21825
11440
10503
29769
35054
22503
12105
4445
8791
6451
48808
38443
43216
21754
36732
30860
28891
11009
29100
3514
18135
39841
12150
29219
30764
39220
18366
1180
18541
40989
29655
13846
25201
39065
43871
37662
30558
2958
43012
8942
7835
15973
30377
21317
3143
7824
46953
47099
14791
227
34427
35271
7990
34493
33316
27818
47443
2145
39959
7633
16281
3151
45330
39316
14880
11470
42017
38868
47169
34337
13058
9479
5253
9924
7804
8401
5379
47845
15500
14255
9597
28375
16834
45004
37800
39134
27369
34318
34291
42552
44461
8071
1463
33458
21047
13327
774
13759
15510
39310
47777
30405
6720
33586
43649
43532
17303
6958
40413
14036
6222
37443
30815
23686
23811
27067
36718
16323
18567
35238
41759
25698
45198
8939
25038
34081
47696
3117
2629
35863
29528
34282
22832
12099
25449
36547
39241
5181
5868
42155
2970
17636
25248
37832
21634
45415
20564
4271
28088
44019
24528
28470
36318
15254
30947
37729
35381
43504
36401
39657
34838
3050
33209
14750
26726
2107
43573
46769
19802
25054
13735
41480
31515
31609
30012
26129
41982
20601
25620
40436
22070
16415
18392
24896
44650
38198
4650
33658
24045
15475
33795
47385
3757
18950
1492
36151
26671
31955
26708
23634
25096
46273
19362
31671
10250
25853
796
38561
22093
43341
8919
15439
20768
7261
3479
12495
10341
12210
34642
839
34010
10466
49811
36441
17516
21067
39463
49689
14070
11580
12667
27870
19824
8545
46891
48137
33622
14901
24753
35368
28575
36552
2407
12763
35856
45701
446
32954
13062
35560
18370
23958
30438
49624
47960
7409
8339
48801
49206
46138
28399
11412
4864
4406
19056
44305
36126
6881
33320
18130
42448
11785
42969
26244
23138
19546
18706
4598
46944
20784
268
39505
8611
46444
33921
31229
48116
18548
17352
23960
9143
12137
43582
6957
28229
27733
26175
37354
24998
38929
17779
32461
6887
21530
2816
28282
8864
39130
3014
1368
9778
4927
31383
3179
2193
11147
16237
9647
41801
15532
41903
43784
15880
48990
16870
35873
47607
9771
33318
44006
44539
37246
24182
17569
5052
12789
5223
47657
16134
16106
9927
11308
9567
22867
34487
30987
41220
13508
8601
36787
19966
23681
45373
36459
38557
3968
214
17553
48677
20225
34308
26729
26353
16168
32961
43585
41932
26705
22925
40254
30888
23870
15672
43426
7897
47244
25510
42494
26787
17235
22413
16055
13272
2705
29491
29134
35690
14103
14145
35203
31351
19447
103
287
22584
33319
44802
1304
37060
8360
32850
37118
41555
14667
31679
28772
6985
24967
39919
24825
45206
32475
32516
18808
44881
13933
19151
28441
34517
12487
34151
30423
15686
3801
16727
40385
38390
24040
20141
24885
33543
30267
7184
31220
24645
32139
47212
21267
11832
28817
26909
47548
6722
6492
22944
13311
45729
54
9723
13509
22845
47077
39553
10289
10294
13519
35716
4808
26909
48309
31172
27062
19596
28350
16936
26729
42848
36378
34493
11034
4885
21569
6089
40077
46737
26836
45175
6192
32318
27352
26869
41488
3396
11987
24882
16928
43247
3068
37053
17066
46736
166
26346
46845
12576
435
47999
777
5627
41472
16331
228
33193
32596
36677
31554
39529
37019
38884
46395
46993
40442
48858
15558
10650
41289
23756
9605
5487
24006
4610
12535
31888
29639
7374
9727
5514
17236
29721
27725
42317
15552
46248
41365
8068
46982
49184
3250
24473
14689
15193
41638
10730
29506
41379
15453
40194
15313
45257
9297
6732
20346
14087
47103
24279
27164
18728
388
26150
45838
25963
15933
37719
43347
1105
38155
17239
7134
39607
3454
44764
12303
2423
37366
38415
10031
4857
40478
40566
29446
22808
5775
43888
36418
33449
18306
18687
20513
49642
47901
8463
35686
38667
7027
30194
1225
36231
8826
49514
26896
26117
24864
48632
10302
4349
8205
16630
15042
34267
15022
17601
25428
25550
27186
31954
37230
35870
48980
20228
34215
48617
23437
26708
17073
23918
37668
22262
44748
3048
11962
31936
18153
18249
44484
3069
32783
20949
11920
43936
49843
41448
6581
1275
35154
32219
22132
47431
41326
25169
33394
14324
11478
422
470
41947
12121
20512
13816
3693
8720
29201
34828
29441
29951
48589
26011
20046
25675
31655
5870
33654
9249
39916
6274
25055
36971
17524
4247
34232
16152
23749
45898
49175
48620
15592
27479
11083
8273
41016
47500
37110
19730
11180
44200
7018
101
16970
34734
45236
47412
41109
25961
29151
7326
42183
21856
17741
24477
1019
9283
22086
35915
23039
12065
30732
41985
32437
13159
8391
44275
25339
6085
6077
21210
19453
49697
4367
19297
47153
14922
9233
22105
37412
28100
31621
19623
19566
33245
7811
37821
8489
14685
7452
1946
46434
42333
30161
47369
31538
24123
9556
8665
6787
24040
25700
10976
16086
29611
23056
7720
6022
29716
41271
5218
12876
42155
40370
37912
24506
10529
40272
7501
45819
21672
46922
25557
24729
28147
3822
1949
12751
45105
38201
759
40636
27208
15720
41281
34876
19236
26179
4155
35272
13525
45450
11743
47277
38405
5599
37425
25379
44491
5998
10662
35372
49821
13132
23408
34066
603
25733
8699
34710
1669
24923
4137
45193
19565
36109
31363
23977
11699
515
17602
45599
36917
39451
6870
3608
6498
43683
6585
3813
39625
33584
39897
14871
44141
13169
25365
46368
1589
32545
33318
16827
45410
28826
22626
5360
32500
35167
42494
1022
21288
31186
41382
23388
34012
5762
9164
36326
46905
14963
39248
14501
19652
43684
34542
48772
44658
19480
44861
42278
17427
31010
13656
3796
1664
21553
28793
38698
36571
10117
15526
20756
9285
38817
29757
49904
42372
5394
6237
12110
24877
14020
39437
7515
45537
15863
24480
2138
18492
13280
11760
36605
25020
17955
31631
42593
29709
33822
24927
23996
15780
30200
20945
5161
22295
29190
37033
32981
5399
4103
32924
43111
36895
22463
38578
13122
46010
17938
36436
27024
4440
40460
17714
16255
490
12747
47661
21980
45470
14455
16526
42328
4339
22273
21416
36080
43075
5406
19175
1209
37220
11113
11952
32700
39631
24213
25237
39098
10581
47828
12777
11347
20052
29995
24031
40678
40321
2270
47581
24504
6729
1915
48281
30624
35935
18900
46832
10349
3865
42543
47920
10628
87
30335
7122
33728
41400
33284
37356
30542
45056
37894
42811
40267
31216
24854
32029
4800
45004
48392
2070
41003
10824
8336
2570
47732
5501
18954
31866
7420
12219
24810
37385
13916
44266
24088
38974
19269
6116
34064
16989
42191
39560
21791
6586
20060
34234
25403
15901
14469
15177
7937
38577
47603
4856
16061
10434
2980
43479
10707
16015
19489
39334
45211
33181
42075
10429
39317
12968
15878
19746
34104
27539
23233
49050
13809
31186
14499
404
45322
18078
24392
10270
15155
25739
45226
8398
36669
25070
47245
2595
7429
6153
44125
20878
17701
14021
48624
44549
46319
10151
49341
19266
29398
33495
14623
36332
723
9537
43729
33099
30004
7086
38574
19646
26693
20309
11586
48694
32513
7818
26514
7119
45483
1577
39393
20324
1840
5835
16288
25288
39959
40339
2928
34116
32166
42667
8898
27583
46132
31696
45644
37350
37469
47911
23256
46243
29066
26580
15694
8368
749
26642
47952
14636
44921
31559
41486
4779
39958
8381
26187
3898
3395
7783
38143
40154
11136
10922
22489
30365
7314
28658
49765
1920
31771
34858
32358
2720
8627
18308
44861
35628
19876
17122
8461
40314
32578
5391
44846
33312
6811
34353
39525
6603
34294
39347
27977
26115
44332
9420
30538
14143
14562
28652
13614
43891
38904
36914
45416
20093
34039
23134
44196
16970
8762
5935
35751
43671
27670
24935
44796
7785
21734
10996
41780
49500
33556
25182
2659
22560
34350
4356
14211
3304
13036
25938
21596
15741
15214
5609
18022
18886
1243
19511
18613
12385
48179
46845
41897
27842
39888
9676
42664
36186
23309
44213
49394
15947
6533
21897
7912
43334
36149
49186
20512
32673
17109
12108
46371
24922
28304
45375
44765
42766
40934
46124
47329
3065
14840
19191
39411
1347
29995
34264
13413
8454
6513
45182
28960
46458
26752
18238
25699
39525
47327
39373
34600
15532
27208
19884
22734
15945
442
46413
34667
4691
38524
23818
10868
1603
27929
38867
19802
2358
32921
28567
35764
34813
22384
19465
28915
41095
12132
13254
7478
15911
10911
29618
14600
24137
9163
29418
33989
14954
14474
30046
49125
45550
16621
40021
30561
24703
8133
31815
44641
35469
43358
40219
34825
46601
40175
18615
23727
24359
13708
6979
19956
9922
30635
13597
38920
32734
36054
37090
10830
36812
32225
6588
2350
5304
29992
45664
20550
28384
49178
20005
49126
20960
13856
9671
37219
9598
22013
4294
20585
22583
16851
3600
3336
33092
48724
16200
16064
23080
42551
36805
42715
4677
25414
45701
24308
6632
23040
14609
2291
5684
1862
19929
8146
6568
15422
7734
38709
49861
10058
24882
28588
3828
4986
27135
42074
25014
36181
48263
6949
2458
41768
13795
1745
32084
19056
9258
36155
1074
49772
15571
31551
46865
20586
3579
14848
41750
10610
35634
34326
42049
26161
4586
40438
30271
35819
49602
48128
19796
45564
23809
9716
34194
4601
917
29037
17524
47377
46705
38181
27669
6267
46543
37915
12119
22389
21941
21696
14457
39121
37557
10995
10255
34021
45052
26622
23100
30049
31698
6708
25015
26276
39781
7045
30677
1578
47449
33607
1525
22216
2919
10247
34101
25653
31718
26786
16774
8480
40974
44041
396
15896
25701
2664
41337
13845
39481
42109
39907
22596
25971
34534
13175
2342
18279
25972
8875
7203
392
3741
36232
13936
38573
24726
10341
35573
30915
43886
28997
48273
40103
26182
24799
41714
17821
7929
10746
49505
49233
45537
14577
26319
42490
584
25658
12696
11296
10201
8353
16805
48270
30877
17487
44833
12996
21941
34789
28155
11501
2260
29998
25920
23201
19933
36694
26287
37279
20161
20859
28197
42946
30898
9686
8235
27025
9344
39181
13965
17958
4921
21791
25877
27423
45976
29408
45041
29532
48105
32919
42487
32815
21778
36741
49340
42076
25684
45666
23855
25598
20135
1807
2598
48139
21736
31389
28245
1717
46565
44752
45749
14254
4117
38000
21929
40814
18406
1470
20946
43408
5761
48418
9584
43094
31132
37141
21758
32460
45970
21132
31282
17501
31154
24803
15526
15330
27829
6817
40346
18254
37511
39123
8403
45277
10387
47441
38828
39318
17314
28085
36088
32086
16721
26829
9861
38893
32345
37777
25737
12492
1530
4104
48651
28469
36678
27979
37096
44647
14381
23963
6362
23540
17713
28748
3329
29959
7255
10243
23648
15531
35505
683
4571
28133
47505
11698
43101
37013
27771
24090
19707
43706
9877
31455
2362
4785
10451
4708
14380
24933
33713
34082
22156
37878
16220
46233
35746
28309
43987
36719
16014
10061
25817
2291
46974
14576
47282
3210
10930
8922
9591
33092
47002
4517
26359
22692
30725
36084
9125
4440
33565
35365
19451
16579
6356
45633
1350
29299
29986
21143
32905
30385
39945
30331
2
14612
8756
32767
48305
29337
11783
27680
11824
38573
7393
26206
47724
29220
32058
30401
27393
46027
44609
9560
43215
6402
1572
48414
38946
12227
7269
2331
9199
43476
8205
31878
40097
37608
41166
2742
28859
29477
48377
27362
24823
48800
41122
41410
28185
46110
25281
1721
15610
43559
48404
12191
33809
33936
38122
30744
13123
29824
25987
33523
3247
44966
39144
12147
22306
21577
44650
6087
38691
600
47682
24983
22279
16727
25429
45105
7985
36366
23011
20029
9922
44690
46428
28093
8910
27395
10247
38235
9522
33868
34493
11390
25421
1083
36049
16797
3375
11735
24761
31291
36955
5888
43392
4920
722
12700
33596
18093
4459
17696
17162
23855
24893
31467
2909
13878
19260
27713
14834
18262
11062
22071
36376
47362
13412
18328
28981
8494
19470
5296
10564
31616
42651
45877
20892
15839
31523
9658
6470
12987
15602
11773
27035
45326
8635
33665
19478
12045
5351
15941
2637
23136
6194
29530
18250
9861
42034
48993
29131
48213
47551
21051
35547
45452
47563
42101
24736
30115
25398
30843
36501
2703
36131
6010
9918
47714
10427
4612
22332
27593
16619
3134
41998
25778
9648
32680
40037
29039
45547
9176
45658
39034
29253
31450
31030
29183
41700
33236
28610
15758
9408
10002
14275
41439
36049
27824
34180
25484
10852
9523
11889
17130
43129
32746
45068
47894
45690
15755
37746
14014
2466
9303
15039
32446
7260
7178
32070
2543
1231
33741
17807
20836
16460
14093
37548
38166
1712
31401
14865
16846
14416
26327
24948
40485
9768
45525
6524
646
43871
49740
38759
32605
32878
47141
42911
47139
24183
24242
45870
6485
38933
4997
34196
20402
37312
28489
32777
42612
39391
46969
11792
28798
4679
8998
9345
24819
32933
6901
4795
37829
47280
33825
39617
3571
8254
13319
8422
309
33938
33542
32689
23534
17122
38958
33696
25913
35072
4687
39153
43750
41338
42562
40147
24680
11881
13389
11113
41239
39721
46883
15781
21544
33296
49361
46297
1346
23766
9342
31071
1452
25619
42961
49251
10653
23097
4286
6240
7154
22203
20507
5136
30784
14349
48288
43580
24221
43068
35553
24141
43907
49618
12448
39069
370
46839
26315
27001
23275
33103
28114
57
8666
9882
11936
4648
44605
7078
4995
8255
26668
20
2801
47490
16633
20831
43098
29800
16088
24720
12584
2330
21649
18689
32436
36663
41
46123
22227
27434
19350
45780
46950
16126
47450
17815
8545
28754
29812
32647
1598
7622
36673
10699
12659
22810
23922
32362
4052
18674
32934
7878
35938
34252
12073
46265
44940
34195
26617
10908
13661
48593
34447
36955
33095
45910
41999
12317
29084
3129
18715
39683
44745
41156
38489
1772
43112
11561
33464
45762
18087
2816
38948
35771
27269
30309
28172
44137
37202
34653
32159
13250
165
37044
13063
19748
11747
38783
9007
11977
30145
4432
44641
19809
21366
34572
4461
3133
29335
14610
45247
11650
6285
20691
29904
23943
26756
22391
47444
18242
48004
44596
42902
757
20721
37710
16551
30047
46564
6196
13964
27451
23201
10323
17158
4324
13317
34956
12383
16540
21357
12257
1923
25514
10641
42203
45707
2878
43933
26033
13495
12852
32558
12881
49930
42337
32704
9153
2858
23830
32693
13532
39956
10335
31682
17875
29941
14648
18518
5738
42424
17615
19264
35769
24793
31274
43329
16795
45447
23130
21022
15073
156
17266
39903
31877
12350
36451
3336
1356
18758
36974
2279
34446
18961
14546
10558
24484
31130
25256
34597
34159
36546
20346
20901
1416
12290
37344
48470
34045
44943
22948
8760
8814
38094
35000
2796
1191
22964
31866
13640
46006
4593
7574
42486
17710
25651
20197
28416
21273
6194
39123
5037
1245
20436
4092
32083
6999
970
45202
26403
46761
16794
8402
4730
21678
3920
15471
40103
3885
36446
10906
24896
9280
11505
10752
26017
16564
33690
19975
12042
49001
23290
25660
27812
14276
37921
3081
39295
40890
38999
40447
20447
6573
2927
46015
4192
25364
21802
48194
21692
45200
10012
35205
7597
7124
31175
5979
4126
30558
34531
18016
3503
16475
41127
21155
26533
1758
47899
8415
44900
3559
22132
46369
16171
12036
39647
17883
13412
23511
27578
19464
45828
3774
6595
3958
32901
33041
38058
46881
12139
9896
18718
41284
29722
31452
29323
41711
34090
20891
33760
32569
14841
41609
42207
40014
3163
19219
45185
39307
25493
38851
45365
31553
29062
45364
10522
24672
26589
48369
44122
3561
37473
22288
19682
13449
34562
44054
1272
8687
38796
27544
25309
36397
38850
44311
48129
30742
49297
14804
19747
38918
8703
12869
26671
34391
8627
49065
5683
46421
35519
35070
16079
47407
150
32288
20040
41260
23407
2671
9500
36636
43026
8721
33190
18629
3152
2637
19355
1301
37499
1682
8063
1303
7308
17962
2009
19765
7329
46036
16209
5594
6583
11008
5127
48411
45816
43145
20397
13424
20236
22371
3531
33747
34363
27535
45814
17878
25667
30790
1880
11380
15015
47046
24436
22135
4900
32098
45002
27999
10938
20712
9642
34152
28157
7735
39183
34983
1261
1147
20640
11986
37211
15810
245
14780
19239
30679
38774
27138
3718
240
6728
13685
5180
42990
40289
25797
229
25971
49002
17151
8084
24532
12613
30373
34063
10773
27620
16263
42433
12468
13742
36200
6751
36635
16739
26511
19079
18393
46780
20788
24236
36259
20930
32496
31685
29603
34216
45511
45529
12662
16194
44698
42647
2159
39012
42112
20018
12399
28503
16936
24955
22511
42057
38911
26117
35399
15692
35666
28942
26939
48072
44094
36465
26948
31020
4734
5344
30565
4531
15962
47355
9796
9214
11726
28649
30195
30664
12546
22591
26925
28327
24549
27149
7755
16119
25429
14486
27965
13224
29365
38663
23568
11353
15208
37166
44777
9014
33523
23361
1241
44315
28431
29904
14199
15255
19623
27650
18408
10501
38429
10661
18484
34252
49324
5545
30102
45943
14907
32536
26415
49255
28058
16497
13994
5205
39675
18321
30614
10897
4260
31100
39280
28966
48412
10855
39060
22682
39263
38638
23451
48240
40847
39369
41314
28839
46470
12906
3721
34822
14219
14526
32456
20371
10966
5264
12363
20020
37431
27343
40259
37616
13174
46350
7709
16248
45751
39691
13587
10142
42698
421
25080
38552
48462
16572
42537
37287
1002
28740
24395
35628
4334
12873
43334
25181
4023
30984
23723
2417
32307
39776
3480
8557
8391
46094
20527
8839
37264
48532
45162
48172
47351
6521
14878
41738
43273
31802
27446
7169
25051
2321
11366
19609
39197
5235
20237
22184
30310
24029
38996
2173
4030
44500
45540
47539
43502
15776
40805
29380
41865
15469
44005
13319
22698
32567
47475
36903
18861
47719
37286
668
17683
8205
11680
7686
7102
14087
19205
122
22997
2759
42449
31639
2724
41443
21238
31295
43626
11068
41277
8025
48198
40385
10330
14741
9464
26187
4266
37627
1144
4063
39541
49315
37209
14248
17034
14256
4571
38808
34537
10849
786
19666
31663
37670
25914
1776
11436
460
33970
32140
27438
32488
44759
33295
34000
33325
1310
9398
19636
20146
31629
34116
30710
21225
36002
12125
43120
3488
22732
254
4703
14689
5844
20017
6
36047
8028
40625
32094
33061
30902
10425
23141
10593
12525
15169
6690
23298
39021
43504
19678
14017
13164
43650
1599
829
7811
10344
21475
8125
46193
47842
30747
38297
4246
12999
31601
8400
22396
2276
5805
30498
45507
7887
18690
45323
30081
31265
46541
26334
17198
6484
23414
5298
18190
2388
15096
31116
47576
39767
3820
10776
14421
29129
7198
45021
48916
5357
8798
11632
45755
7875
45828
16031
49656
28791
31436
22367
41246
26960
35324
48170
3446
32885
6516
2218
9489
47954
46459
18368
23741
21628
28911
37723
45621
21893
15479
17765
5064
47540
32148
49843
35250
15639
2616
45771
4570
43966
28877
10173
35201
36077
18091
47715
20064
16218
27526
13354
23444
2332
36101
49394
13070
48045
1883
15216
23105
28712
29814
4345
38124
42343
2865
8754
17936
43558
22857
32160
1885
27577
14246
22492
39114
31718
15337
38662
38233
23847
16580
38304
15782
819
4867
21268
47960
25045
36095
38269
44181
34042
35634
25359
14197
16046
17808
2633
42779
4598
21003
29963
17213
6390
24614
43429
23271
39592
47660
3598
34709
24383
26622
20858
19834
33480
31821
33566
26257
28077
7477
1966
31518
23804
10492
44538
12991
2064
26941
33712
45160
4413
13302
34751
26210
21542
41482
14992
18699
13848
22916
20620
11009
27576
47133
14676
17282
49104
44531
43099
33568
20030
21376
45252
7032
17456
17462
1617
3254
37083
3313
14121
23874
1542
14333
43888
33142
2804
13877
37140
47294
25399
35877
2438
25100
36709
30344
11459
21410
21659
21847
31155
28079
31751
41897
7236
28257
12578
11054
7689
30721
19703
25521
302
30636
30119
46042
30016
11942
5355
43949
30334
14448
12761
30393
47994
35593
13488
29962
31624
22862
29246
9189
33231
37866
5066
33758
45992
37225
41950
5620
3072
18550
31586
22685
39939
22078
35078
9268
27044
9782
9043
35065
10583
14177
45376
24045
6571
8427
5438
2388
27477
47887
45557
46328
31269
20713
48290
16626
19853
21842
43133
6264
27664
30260
21093
31919
31379
24256
19854
17784
28634
13136
30158
2405
26993
46748
49443
45309
4401
36064
35792
20441
48888
29095
43825
7670
8394
36423
4252
31968
31212
39767
40549
2245
3812
45175
49428
18298
45558
9647
6594
44825
49186
26341
45697
46060
11819
48803
46251
33208
33781
19171
5887
49572
21464
38708
13283
5038
16153
31633
30808
22396
32820
4785
40062
22891
31667
46357
49281
7334
10424
36657
8858
32124
47323
12663
30129
36625
43011
35990
3007
49476
4684
10818
10053
36593
37223
34313
38121
2956
4244
37132
43861
23512
46588
35686
36054
6005
47047
21051
45973
29942
7857
1615
16825
11441
11880
47865
4670
13296
19262
8088
46168
3210
8865
23161
13010
10893
7768
17112
38933
46434
12760
27670
22878
18255
44882
17643
31011
28773
41800
23625
41094
29913
33101
3283
44997
38605
10391
36266
49042
44464
47561
16632
37267
38037
46479
46635
39755
48156
29960
2674
26681
1247
26922
44278
28906
3745
44322
26088
17600
1170
46666
1003
8648
33884
16679
19853
42408
40035
72
39309
25747
814
43237
45044
11248
31762
15189
31641
27960
46590
14093
4190
19146
6722
44313
29077
35093
20627
12084
13089
23247
21874
26633
30609
3697
33810
8824
48451
15325
21785
1309
16625
16832
40917
42510
1257
27291
8534
11777
32737
42861
15639
24568
28220
19883
41019
4618
22598
19701
44924
34697
6225
17221
46670
38804
20810
33500
31932
26398
7136
12453
41069
33645
29595
23156
9329
27542
22843
32149
13499
46256
15329
4651
27209
33065
32950
9675
48915
31860
23590
21628
42375
49341
19968
30213
19356
2756
23846
41158
48251
12317
49406
22644
40298
14266
7419
26158
47185
13981
44640
35970
49964
18482
24856
28376
29389
34218
48941
491
32089
39134
11342
8422
35282
37645
29555
36414
15157
33402
11277
1758
40496
7478
41200
35098
43611
18986
25675
12126
15293
1015
28878
633
29048
7264
18484
26324
22666
23790
12381
1940
1901
45845
30491
6801
31860
31990
7366
48096
46631
36350
11922
31012
36595
35178
394
12070
15913
5736
47389
8963
29734
33915
7809
40575
31846
21978
9292
22915
48653
39345
10839
226
44679
7446
38339
45670
18079
34305
21802
22696
32074
15770
12295
6400
29650
48040
48810
24076
34401
546
26594
35455
9954
29091
38829
36124
34085
16674
22963
32103
41305
13422
41514
49600
49500
7668
14670
11639
12010
47365
48665
32388
26431
44748
19545
817
35400
37439
26713
47596
22603
46037
24400
13038
39362
11635
22108
9326
43282
16692
16975
47257
40640
39210
31989
26322
48475
13265
34058
17039
30672
18590
45026
46172
14707
48151
36900
28710
12199
5421
19818
25278
46907
12403
37553
40068
38422
15371
30719
12276
48403
7768
12287
43564
18964
48721
23482
45109
19532
41245
689
30439
19378
46347
35612
24448
17869
47991
1599
4725
43480
49132
48786
38649
25600
20898
39504
28584
255
45405
3259
27948
32021
37651
37532
42914
19584
3463
16601
38094
1695
38604
45670
19668
43577
48745
11676
26097
11258
21281
35338
14846
32734
7737
21230
43312
394
29824
33970
3582
38728
3176
48983
33528
44972
30211
35704
41295
8037
47616
29590
46280
22874
24571
36844
7328
43204
44935
42378
28065
5498
20401
7208
39
10972
21848
46216
16658
20464
33015
21001
14776
49055
23999
15424
26239
43517
12051
33347
48688
35805
23705
19086
23496
40143
45335
1108
38814
49526
48912
48659
7435
39900
5954
9131
2396
6702
5445
11264
18068
38981
20828
25544
10870
30891
27118
18526
11674
38998
1618
22248
41457
16538
771
13368
2849
42526
41287
9225
12829
14483
25807
39622
36019
38377
42134
43803
23777
28397
30302
21852
11616
22142
3622
38505
26323
23923
28256
35268
4627
9997
10815
3622
27241
14773
15050
8112
25685
16280
26754
23137
24407
2537
10692
11402
37425
27844
4582
25132
46949
9464
22908
3415
1279
20708
47751
20317
30619
5975
14658
8790
42420
26994
9113
44806
22348
47159
23143
24640
33036
22675
32236
5783
20423
45019
39878
8552
6646
19133
749
41179
19234
15721
23895
15850
28639
4031
24045
17001
40032
3595
32647
16022
10737
39522
159
48442
41649
46171
17690
30674
19584
38282
9143
43409
17617
6972
44710
47912
42139
398
2759
29595
48649
15359
9956
30517
33086
6595
18802
38735
41896
15157
37667
47810
31951
25832
10892
34176
966
36336
5547
23585
109
7752
47031
30387
33109
16496
7870
4990
40401
43023
42767
15561
12546
11420
28276
19738
24530
37042
7270
913
31371
46452
6836
1544
15953
5045
43151
32836
31971
22954
48455
26150
38446
9103
3336
16528
27415
6598
32172
12838
3051
20032
20824
12231
28761
36764
43448
8805
18598
49709
39634
27714
10711
8787
13993
36284
23488
11814
37787
43133
9571
43313
16219
44799
38943
31500
45615
16893
9969
19533
21866
23431
6415
36996
25234
33665
39251
11542
46903
40475
34345
28660
39503
18164
1030
29578
17246
40385
41978
33480
1275
840
41808
30416
2376
40369
412
15539
6276
34114
7135
23654
26432
31539
33596
25440
15421
20276
6238
13162
28833
1979
4456
34220
14898
24700
16574
25448
9021
11629
23857
9732
44826
10490
22246
39199
2376
11357
32588
6032
49821
43201
42729
42754
46880
11109
19064
48755
17286
26761
20852
8767
12611
14517
47951
12007
31735
44237
1484
37823
28614
49846
37398
44762
35996
39559
44868
35251
4249
39669
35079
17288
2579
38863
31035
47912
4552
14139
5730
20603
31067
22549
24274
199
1718
35265
5392
14469
49813
21730
29066
31024
37236
12048
30046
31927
12798
25161
31463
46036
41782
48875
38826
10897
44942
45318
32323
11842
22416
32056
14528
35824
1706
4735
41378
31474
39166
21875
36589
34909
21301
16240
13558
2867
5562
30047
4245
40907
10316
43232
21525
24614
10193
24961
10057
36014
16100
38612
20865
25737
18868
19595
26496
13849
1706
23519
26874
8749
29424
9478
30799
4027
1723
29498
34396
7757
13782
40589
5771
17358
49813
40223
24641
25859
44306
49577
16738
32142
31283
31426
15455
28611
14030
31170
27355
4603
26494
20151
23951
32798
22836
183
29439
48950
23445
46969
22984
42282
14151
27981
24559
45078
40345
27289
35386
45184
9221
45793
7536
44412
11492
20399
22423
49152
48548
19757
14587
6918
2280
27364
35416
43977
12553
15084
11286
14763
31662
41416
11961
43313
6033
29213
8036
20658
42868
36978
10713
19758
3490
36350
3264
1372
25735
45937
41159
10061
14893
48269
17021
49436
6423
32317
7343
29698
43948
8757
40182
48544
32882
38967
46968
48594
23453
1588
36949
40645
46856
42420
9848
42229
24793
14412
846
5265
45768
14529
32123
44901
1157
13432
26907
34024
286
2033
25209
44400
36548
46264
25243
45897
5915
47676
10917
19844
35146
2849
13697
1200
9406
39017
46684
36942
48106
26815
39765
34815
13327
33561
47366
27442
47354
32163
44497
41674
24605
21341
22541
42016
18452
42656
43560
9988
25360
48590
10754
28346
7105
33805
13159
10251
6853
38633
4667
48664
16384
19824
31021
10510
19866
8632
23551
13508
14219
40446
35130
917
7341
43312
2058
20949
23257
14975
25406
23073
47585
49313
26733
3049
27630
43461
46025
12159
48879
26282
14197
43800
43723
47381
48587
22384
48795
3366
37464
45320
14504
4709
48807
18732
34051
2201
19312
31540
49483
46751
1940
30534
9223
68
24179
41159
44876
46639
34626
24870
5128
29319
42515
24118
31046
41860
33360
20301
30212
11729
24036
18344
6781
45704
2272
23947
30742
38885
28830
46036
32495
15012
15414
37413
38149
22266
27758
31238
16904
4111
1266
39576
44314
49128
46096
2965
44266
47315
9623
16739
8143
42841
6859
10635
1736
24878
23592
23157
9237
38803
42760
41066
28927
29779
41878
17443
26973
49567
8244
38797
24229
15222
19048
32872
35831
5312
35545
43994
4969
15236
13991
2071
20279
18292
41204
24686
30972
43257
9241
19123
25033
32394
2009
42609
13606
36073
26380
34585
19023
31445
31784
4394
44866
23020
25208
41416
13869
42384
2984
12377
43580
12798
36876
22349
40206
31957
19540
41768
28306
2815
43674
41688
47665
8042
9892
33464
38977
28413
30678
27055
6834
49253
21671
4228
41882
31879
46942
49085
4024
48954
11952
38531
15045
43616
26433
19591
32151
22309
39547
38782
23569
30360
31412
41180
43564
37506
28267
23222
7026
27820
43443
3863
43129
44787
32606
23236
13445
37630
39738
36636
12405
39420
49791
44340
26995
30993
5020
34556
18210
7234
34640
17599
48902
13903
41617
44320
21422
13868
36182
30736
3702
21319
2960
3844
14312
11352
37468
40687
5372
20186
38206
43859
27250
48156
42540
31870
30429
13676
48155
22037
8088
31345
16982
46911
7558
1539
15179
22636
40051
1970
1018
29092
45845
13940
32339
17190
26449
47325
26584
28279
36176
48668
19408
44243
33037
36204
32331
34594
22882
4104
25966
28637
41336
25798
33002
16573
5199
12824
34289
23365
28747
1350
12130
3080
40606
43222
37216
19486
3759
22217
19491
10736
34617
49035
28687
32125
37092
10461
17277
31112
14103
9165
7147
33053
42085
30605
31414
4449
43697
12651
4524
12863
20147
21686
26988
19165
7372
6210
15960
18241
49595
5245
39209
38901
39752
34208
17997
22359
8705
5370
3869
21370
4224
13441
25417
48865
36285
29448
43735
5759
27427
47624
49426
32514
45594
20732
29825
7955
12190
48966
32377
11922
19936
6386
49005
25332
13479
46698
46737
12462
30738
27108
21864
15382
24438
24967
8473
39809
31437
46995
27300
24926
32075
44943
17579
17138
42995
4762
2773
9176
14692
18559
917
11485
9368
29951
1663
42401
15592
13733
45074
7283
13736
10276
1682
34453
40170
33478
19442
47573
8835
8714
20782
29918
35930
23773
2194
25900
27189
41502
9510
29140
27517
27579
34374
24414
49574
40644
1250
32885
41326
14886
39780
6155
22541
37089
14295
24894
16754
31165
10840
32067
28299
13187
12209
19095
13683
19124
23185
35717
22798
35578
41402
10715
38235
31129
4100
1247
20320
42129
27382
33065
21404
12198
42557
2554
15401
19067
23621
34249
47605
45922
41026
24216
45410
16925
19481
558
42730
18228
21751
47165
9599
16450
26143
15798
43772
16334
12700
44615
22938
18092
21998
8320
34592
42811
872
46260
45583
41220
1418
11
44889
37103
3157
41241
41251
31681
33387
33990
21966
9416
17456
2890
30376
38852
48901
20284
47334
4339
29246
30772
16319
35808
38619
1225
32742
24091
11281
18012
25482
18742
4675
844
42706
3771
16642
14436
14638
34266
23125
35005
3090
43496
27810
18514
11289
45733
35959
21538
17827
14812
36975
43628
15390
12203
4122
42144
28345
21255
45265
16668
3236
16197
15502
20307
12754
5449
31099
29462
36859
38865
4317
41990
34395
7627
345
26045
44731
43696
855
8365
11788
42946
43497
21285
2109
42420
43004
22326
44575
27499
37557
8862
1834
29211
43529
23067
42509
45376
42809
29120
18912
31845
19529
45457
17075
11698
7200
29784
34690
40937
3031
43479
7802
48963
3503
15067
48946
40884
14153
29503
27845
6624
36970
41163
20728
28659
40793
43630
25898
16255
23671
28640
41238
19079
31286
29881
24020
37205
2200
24733
4610
47685
18970
8478
3428
10111
3964
11056
4874
44867
10111
45984
22847
48166
19733
14735
49946
17359
29133
37553
16471
8507
12656
43464
45960
35752
27590
28053
31116
48627
40433
27504
17755
39140
25839
11311
24626
35171
11841
14123
43848
30547
18846
9250
10108
35017
15316
22490
46701
49255
40082
45169
43076
31023
19766
29526
41616
18680
39940
37920
11043
17306
10333
19727
10067
30915
47634
6248
47675
41456
34289
44463
25800
41580
48017
35051
6037
23559
44762
48751
24505
11111
17260
17805
38031
44414
42483
36038
20399
41124
23848
1933
39573
7817
28259
3959
35529
16973
13823
26357
33602
44314
41360
46625
20119
30160
11742
3002
25471
36286
21517
31411
4777
16701
31267
6507
27801
6766
44732
20772
37891
10101
1855
48894
14371
26854
45577
22089
24025
20068
30485
28465
25104
9130
1209
11050
41639
10584
29866
4678
6726
16931
14760
36585
30958
13493
7072
13257
36171
31888
48326
27845
5302
26205
19051
48299
36294
34600
18237
36250
1703
4683
13955
637
5970
15829
27801
8101
49126
25319
39728
4208
49147
48096
25232
45774
45119
1845
13911
4694
49917
10068
36931
27999
44202
5915
11092
27187
3186
18606
38854
22226
23837
2472
36966
32144
23009
35874
41116
34595
6267
23560
20430
11375
13156
31378
23568
5522
27074
16692
17676
38336
46983
41323
22516
21388
3762
16412
34717
49482
16181
30169
31290
25359
20185
196
37293
45932
20468
21773
39849
22842
5149
2304
29602
17206
32797
29994
1126
39573
45992
21732
45809
1300
37153
31152
24307
2856
40485
22896
10766
7840
48500
33209
7732
28959
2853
40166
38893
43593
36961
9077
36621
12170
2252
9905
2673
42075
40793
23909
33318
23528
24507
16122
14695
11525
15228
48784
10245
39726
10448
48395
29697
27998
26751
15645
38273
35210
36656
33181
35550
12840
14892
30885
5683
32966
16933
12145
14635
46291
6086
27464
5437
22007
15329
3661
19551
31487
26693
47937
941
12080
24036
46085
19603
35614
24726
13270
32992
8582
21979
33964
37015
47472
22375
44843
43118
3202
42414
20797
4313
3198
33893
19502
993
38304
40358
24485
36824
44425
45899
63
36127
15543
13176
34099
26734
35617
19700
46134
36532
31733
40137
29107
27653
29847
37664
22649
39549
37476
19262
34686
11133
34771
28248
35995
2535
26548
42291
49252
39080
43061
16732
40104
3618
26565
11077
42848
8507
4052
11232
17413
35186
23925
11239
37510
37579
25855
46069
2054
15343
18539
21385
43258
24386
9711
17058
25171
4990
16358
48738
35835
22396
30819
5787
24744
30760
30207
44464
24829
39030
42422
2463
24793
26469
21925
14547
23315
26306
42384
49390
1360
18316
31329
4512
42642
45000
4037
39647
15141
41486
2
48831
48507
46257
35546
18042
3158
38389
10420
38316
26943
27117
44540
43912
34342
1205
23418
21339
21350
28888
47294
37830
46428
33939
9508
17179
14214
9804
24190
46806
44026
21685
32058
32332
39637
35943
35732
25036
267
7288
2832
33100
25309
46807
25870
39778
16891
38102
42912
40270
25069
14556
1889
24425
10178
8041
44491
24218
15665
28300
42621
13341
2584
32612
41568
41253
43872
47425
49235
5535
12488
7135
10031
14510
22579
30378
15375
16740
46907
10837
30149
25231
36988
7868
5883
41970
14588
32018
6982
42744
34560
31924
45888
13126
39337
1989
6700
33958
34833
44758
34495
48713
15988
37966
29344
5701
7749
23868
9860
5250
13873
7630
1013
45715
31628
22347
4875
2436
45199
40533
31006
40638
4408
35820
45256
6646
28197
24058
41905
11781
44300
39970
4262
19822
37433
34126
43125
22026
28479
5093
40821
33338
46163
13331
30935
19672
30951
6628
10317
18898
28118
21724
10441
47534
33221
13104
49789
41048
48595
47918
47572
8132
43903
45459
1808
38368
37243
30722
21538
38275
25903
14162
3789
32909
47420
3993
10803
8878
42303
3094
31986
39960
19515
39910
8054
28310
44583
31633
1946
12693
28106
28350
22191
40114
39312
38883
39658
18781
5342
42584
37835
18408
31945
46495
175
8539
45433
3959
15373
26790
8852
19024
22955
46675
7630
20793
27033
19067
31214
3271
25677
42199
47576
39151
37010
22629
26927
40553
801
23593
19410
5715
46147
7790
29135
8343
41619
18778
3513
5437
34174
8908
22524
10234
37064
11971
27273
49167
45017
25620
21030
45658
37021
11996
8751
48961
23190
44994
13065
3324
2417
29112
15637
31250
21758
37932
22919
34803
16831
19946
44372
582
14915
45642
49449
27219
48887
22578
36826
29120
10637
34485
5713
6478
17197
16369
14402
9594
21467
10048
45651
14991
22097
3591
21972
21905
13899
43726
26478
20337
20939
22432
36497
26075
19397
27665
17896
23798
36208
13444
7743
6739
2539
36362
31771
225
48205
24012
10953
6870
44308
35767
8407
13181
36559
47908
3878
940
11020
43178
8042
11789
47336
9495
43030
20206
41919
3781
18713
28251
24990
14665
26556
5316
927
12124
4108
7473
10917
3073
43605
23941
571
19372
27542
12742
22875
48734
22579
3608
18582
29648
701
13901
42025
18560
33141
42449
40186
1284
18268
26967
46842
10909
9375
23056
21590
31301
2081
36639
45675
8705
23970
17127
32662
13944
40943
45639
22189
44211
5820
31113
49336
26584
24723
7335
20461
35020
5910
5549
28720
8818
33887
10586
8995
13336
28888
43277
12435
13069
8072
48255
25388
33113
10189
4240
16193
17531
29860
13345
15934
2124
31110
17064
26108
4761
22368
29187
46904
48531
26700
20095
34762
21740
21793
32639
26770
44025
3866
7116
12525
49734
48545
41736
41125
18106
49566
15418
22139
24765
13099
1735
14561
10577
21482
6431
47078
12013
5198
16003
26258
21814
26036
1604
16688
49981
27547
30692
18549
32895
1163
48738
23608
42721
47618
4643
213
30141
33692
6452
41500
40966
3711
8478
8752
31162
3737
46997
13571
15475
13900
9303
8419
21953
10981
40102
44911
38407
48988
9988
13245
27132
220
43037
44153
1056
43122
24454
36829
47878
16070
34619
22458
8761
28182
32927
33144
14639
29204
43320
20332
6315
40592
23591
5122
14193
39013
32200
45292
49681
11669
39591
20275
13112
20064
15844
15879
2357
15167
12831
35101
12221
42247
47013
20030
47190
8119
28517
42550
29104
6986
23179
8314
16970
13641
26879
19286
18238
4403
25677
5049
9623
6801
11027
12028
822
8813
16629
32794
16318
27207
42388
14701
38876
42437
31369
8234
3318
4445
17651
678
668
49714
16536
29961
887
44981
33698
36858
27053
37089
26561
41163
15072
41688
9429
18837
20788
45674
3709
12723
40695
29605
45957
28938
43392
36650
29400
4742
16350
24081
19100
31355
16627
31800
46989
26989
24754
39919
10624
31162
38161
14058
18707
31286
4250
2670
47175
36450
33495
5451
41950
31344
49793
25696
28358
25360
28714
2316
12624
8041
44236
39145
37889
32244
41137
10187
35726
20671
23239
19458
44287
29740
47441
33219
45878
7153
39618
30561
10036
46001
1314
35540
12976
18720
5454
352
40663
18843
35229
4416
20692
47088
2791
18632
17691
1064
43389
7602
17981
14620
16228
5106
21895
43703
5427
49779
6322
10487
3240
8588
15813
46479
22925
45437
37871
18335
30538
11046
16968
27192
3320
38105
12224
43473
17296
22611
5725
24318
38282
8309
21989
10071
38556
16193
24247
9573
36110
25125
9860
11405
4647
12832
35486
49700
30238
8735
12385
8623
44918
41418
23657
19234
48409
33844
28132
36071
36618
8909
30140
28504
39596
16358
10441
33667
32249
29683
31253
43630
18232
38196
47456
39332
1195
25164
26850
37777
47821
27631
4638
37003
13955
17338
21171
25413
48508
25022
17456
18207
9817
2303
39914
43842
25667
26339
34440
27737
1258
2494
39954
8759
29088
9363
23305
26406
30924
8690
30663
33092
14822
9923
15328
16413
9497
35469
38275
10889
44269
28083
25689
37308
25259
26210
7244
30493
17559
6636
49954
3085
28692
6304
45032
43791
823
36803
49409
13385
7928
45686
29285
30766
19392
8515
434
34342
33355
4338
8828
11129
1531
35158
45612
7067
12225
46876
42440
17280
19742
45173
46772
4271
6562
24872
31836
5355
39233
45379
2659
18057
30205
38037
17822
43628
45610
23417
6420
24366
3293
47890
21047
30009
36372
19188
30621
32094
5025
30062
21315
2907
23260
7674
39962
37391
28011
13853
31895
22220
5062
48017
44413
16149
30
20182
37770
9689
32907
16250
17943
176
1517
21564
29276
402
2652
1550
20557
45082
19609
10241
25081
19684
21411
8405
23821
10367
42051
23105
40936
12141
7802
19579
2579
34733
6805
34545
23153
12109
47987
37245
18056
2116
35658
40846
28255
7280
42068
32187
30038
6461
42677
22278
42739
9741
37914
43437
38332
35723
20803
31513
49402
11204
11991
33245
16191
8134
22429
19484
9171
11672
19256
14746
10912
6214
12258
22343
39885
23309
46699
32234
49287
16555
33290
45629
35971
13756
17589
36390
48122
45873
39229
44296
35470
15676
6011
9385
42495
46342
9155
9723
3340
41753
33741
7213
6973
45715
22759
37343
12498
6939
34056
49143
7465
40245
36983
11022
16537
22170
29529
46686
33913
20903
17371
2825
20569
36343
33390
26941
26523
15916
39953
49293
19134
15790
46517
17720
20712
45116
41987
27879
32623
13006
34632
24312
48496
44121
12377
19653
36161
38909
32771
40304
46480
28853
25087
6937
37394
15365
36598
47301
33175
33395
31371
16976
22128
47255
2629
20962
30818
16696
39140
35295
49254
15828
41949
23214
19403
46146
20286
24872
38930
7610
4474
23031
23103
28502
49285
49750
10431
5614
13345
675
41802
21203
38895
14237
38641
32125
21516
2756
2903
19554
1273
41310
10619
44794
25107
28017
21133
27810
25334
26371
26182
332
30588
36212
16526
34649
23664
14975
48965
12523
35383
34975
3283
26061
14811
15669
26880
43850
43937
12040
24704
31137
19285
21583
13443
32467
3833
42719
21891
8790
10062
26880
33902
18785
9034
15005
36408
45899
20945
36733
2606
48431
29804
27189
9605
49894
28570
31933
10580
40829
41390
25376
3793
31277
36406
11775
14724
25175
36032
10769
32969
34110
1542
1347
22611
8049
15373
9127
3282
34944
7612
21869
29302
49430
22836
7261
25945
43235
49643
35193
25146
36376
38041
23954
27777
48722
9180
36117
5990
6109
17832
45198
47073
23794
10486
28637
29760
32789
30980
16115
15007
1347
11144
34765
25858
4710
46145
44464
35249
11142
42886
47056
26301
31191
45146
33093
37005
20171
30958
48473
75
30918
46136
21243
39157
35030
32860
35715
34626
15984
33722
27071
25723
36824
49756
44657
20952
48403
5632
46281
45312
31598
26400
39018
11221
8335
7974
24241
9775
11805
17876
35903
30383
25806
43669
31476
29753
36825
13992
4337
35699
40143
1126
34916
37312
3031
24631
35446
30656
13930
12735
19780
8358
36421
41896
45396
2184
40696
15232
29479
10036
3322
7349
34728
12656
48123
46528
3429
10797
47163
25187
40240
40578
11026
26059
5141
3342
21841
24659
28017
26449
850
28222
45489
3119
4677
37550
38768
42709
10960
20985
18524
47594
34470
19050
9099
19242
9468
4231
29723
33965
32666
2835
4833
18363
33864
44895
9062
45533
28135
43672
15047
15738
4198
18495
13779
29420
18582
13370
17919
6198
44085
29088
38227
819
14079
28404
42052
15862
11280
42262
10695
11496
20747
26
9383
14545
2084
28196
19569
32706
35077
10181
8327
34877
6339
24387
23733
15251
31914
29053
8273
17084
2270
40102
14580
1849
41596
2569
39083
10879
42933
37127
9522
29530
24275
658
21708
28406
48524
33879
19378
22241
11903
29612
48571
4678
31307
42460
44529
36355
919
24351
24836
34465
42423
10721
17213
34291
41117
48923
44203
17062
42334
3896
19850
23932
28728
46049
35362
2901
9157
22895
21786
14028
24203
39043
27733
48436
11656
18807
39316
48302
27722
1928
47637
48254
36138
25695
36399
43435
7919
26053
18512
25857
19019
46256
45923
18623
41852
24049
1329
27059
49312
37402
3917
16926
36701
24441
23819
22441
17802
5345
1587
31075
16232
22723
9661
37820
2159
32256
22556
8949
17497
17236
31254
44156
39747
19058
45206
26413
5821
20652
22212
872
2393
41435
2483
27718
28544
393
48206
9000
49872
28620
4060
46143
40552
13812
47298
43126
1354
37038
38247
30091
47094
16434
13388
43559
26595
3365
33514
12330
21896
34106
8918
12689
21100
24084
22025
22565
21080
2352
5450
21951
42044
21103
10055
6047
25887
38768
13273
48377
44187
15506
22685
23414
9733
26771
23650
22147
17558
44005
2640
19448
37578
1525
49852
29105
41151
15167
5675
10959
18142
41363
15607
24682
29399
14988
47369
6478
41953
30523
2093
28161
10685
33874
18730
32965
755
21525
27117
28745
39641
49614
479
7217
46273
38001
42606
47361
7502
13403
18401
2180
8835
21308
49043
10650
27265
48492
44653
20855
8882
36731
37980
6091
32911
33533
12398
2997
6849
17612
36273
49694
44452
5190
23657
2298
49444
38212
38146
10228
13067
27085
42763
34255
32816
18634
23750
46396
23060
34654
30290
7410
15635
27625
25318
25946
39935
27973
34855
13171
27585
11575
14572
8117
6307
47137
22659
11888
31274
40539
47503
33404
49938
27256
37162
15405
8075
24599
15161
27064
30641
42633
43772
28764
906
16383
11584
35317
15305
12207
26926
26259
9447
28066
42504
25683
32815
820
19453
49549
45822
3672
10964
45408
23110
13382
6596
28006
21226
50000
28464
44419
7147
41509
9576
34006
46532
41987
12793
31748
17015
34697
16093
48354
42369
30836
46158
46880
37981
30607
37620
23546
16680
45724
29756
39970
26697
41524
35906
45043
30280
42412
33414
17363
32346
6578
23543
3278
33403
14585
1436
21377
9979
31775
5997
1572
18765
46222
38287
25780
27800
2422
44978
37668
49136
45842
10244
40923
32653
15014
35534
9064
29937
15927
11653
34954
481
38153
1750
4851
9866
23350
6921
40082
10999
24565
28441
9256
5063
49127
21872
25307
48349
8793
8710
4563
4825
8318
20612
29598
41997
37630
49770
23634
29363
43386
16520
11924
24617
42865
41894
14709
22635
6845
28509
37119
46238
28415
7893
43684
25741
11515
6189
29004
46389
6402
12995
21567
38894
39202
10059
34715
48528
29266
27510
7294
42478
11119
45365
6693
3483
27458
47164
48622
10204
35883
10755
21271
21189
24810
38486
36273
9856
13391
35368
15300
42456
16131
39126
9034
49655
35408
40483
34776
15051
4108
5500
10013
40735
36178
24367
1893
821
5089
12619
6735
8745
8886
31449
19483
3146
45806
23519
282
78
16290
29463
44281
16458
35612
8147
11166
40748
36334
30674
22958
12092
11309
4094
42144
18408
46077
5845
47378
37228
14129
24065
30641
20527
9752
2055
48010
16176
20947
27465
16020
24227
49262
38014
6952
5771
14278
35973
9345
45795
37964
13004
34505
19126
38160
35504
15877
20369
21026
28077
15749
44508
49459
19434
22965
44816
28208
30649
46059
48589
36689
40464
28550
29302
7360
6113
37010
15835
40908
1018
47958
15560
19487
2613
36620
38291
25767
24553
49198
32376
48667
37608
20365
32512
6270
12657
29442
21289
42678
47358
21928
22906
8329
5331
7893
28015
12625
2964
35109
43248
43680
24326
22732
17607
32403
29101
30859
20611
47222
41924
32342
33856
41311
24070
45866
18484
36361
30044
33499
35938
15645
42301
11653
28336
14425
7057
21736
7828
37574
12953
5628
11365
2716
12193
31564
48461
2138
30717
18023
4718
48278
49915
6746
13185
15675
17492
41186
18912
16940
9160
13332
39481
1504
16031
148
15739
43718
24812
20634
2478
41182
39209
5936
18390
25133
11297
37848
8259
42153
11049
25550
18071
523
10691
6510
45475
35118
48121
25074
3867
31921
10203
11491
28269
16935
42467
4849
5104
4562
46441
35716
26021
17374
19671
8166
47973
32591
26324
46306
37916
30556
8211
47408
40679
17054
7033
12344
32853
14376
18728
4110
13852
15724
39879
16955
37692
23752
44342
21855
5512
46840
45475
38890
19354
6009
5650
23475
42308
11343
95
41319
18779
49214
26536
46489
31317
30651
25593
18031
7250
36801
39429
3224
39149
9570
37779
9715
48094
24277
31136
34571
47616
46396
20625
15549
9258
16364
2894
38818
37726
24783
6192
37759
34786
35364
30764
19497
16254
34450
2644
9375
45678
34093
24996
8709
11662
30288
25258
17854
3172
19190
49518
34852
28604
1952
47790
49776
29926
13123
25154
16210
12789
38494
4086
44314
47124
45722
2728
24348
40466
35115
32333
5663
48017
28542
4675
23747
9264
1603
16812
37123
40893
27897
46287
6644
19671
44535
44553
22047
6995
14865
10246
4499
48893
7798
6766
39322
31389
33099
10551
20054
31362
18517
37434
13613
27298
37761
44495
36418
22643
47946
43952
13030
36896
21391
43809
22128
35993
9401
47189
19439
4083
5044
48618
13630
3354
27805
10860
9101
27241
35508
40327
19124
25003
27904
2596
43836
12483
41920
32086
222
34645
743
41583
35410
10402
17609
27957
360
19197
20459
162
8333
31820
5483
24413
1412
45012
45960
39269
48776
564
27778
40317
2449
4820
4574
20100
39786
13754
13487
23996
27096
12125
17221
46882
45512
42623
39298
48550
28417
32327
37191
8131
19621
19383
12355
19033
22788
2322
37095
46289
25613
18127
35665
27636
46701
2842
41053
48107
19216
289
9464
5499
42932
10289
11703
10671
5575
7671
34375
32294
45037
17321
14083
449
46408
48526
44672
27205
41604
23950
40974
35241
4846
34735
12461
7441
14221
13407
46765
31412
28136
40553
26118
12915
5593
39538
49408
21299
30911
15963
8787
8222
36762
14978
22541
8166
4219
117
5268
35544
4870
1871
12345
38595
38009
42894
28107
4622
5413
19392
26206
34696
7264
5074
16224
18421
35432
44819
2749
41016
34484
