49
7
3 4 5 2 3 4 6
5
10 9 8 7 6
6
1 2 3 4 5 6
4
5 5 5 5
8
1 3 2 4 3 5 4 6
10
1 2 3 2 3 4 5 2 3 4
3
7 7 7
5
2 3 4 5 6
5
9 1 2 3 1
9
10 20 30 25 26 27 28 29 30
10
5 4 3 2 1 2 3 4 5 6
6
100 200 100 200 100 200
10
1 1 1 1 1 1 1 1 1 1
8
10 11 12 13 14 15 16 17
5
50 49 48 47 46
9
1 2 1 2 1 2 1 2 3
4
8 9 7 8
10
1 3 5 7 9 2 4 6 8 10
5
5 6 7 8 9
7
9 8 7 6 5 4 3
10
1 2 3 2 1 2 3 4 5 6
10
10 9 8 7 8 9 10 11 12 13
3
100 200 300
3
5 5 5
4
9 8 9 10
5
1 3 5 4 2
5
10 10 10 10 10
10
1 2 3 4 5 4 3 2 1 0
10
0 1 0 1 0 1 0 1 0 1
10
1 3 2 4 3 5 4 6 5 7
5
9 9 9 10 11
6
3 2 1 2 3 4
7
1 2 3 4 3 2 1
10
2 4 6 8 10 12 14 16 18 20
5
4 4 4 4 4
8
9 8 7 6 7 8 9 10
4
1 2 3 4
6
10 9 8 9 10 11
5
2 1 2 1 2
6
1 1 2 2 3 3
8
1 2 2 3 3 4 4 5
5
100 200 300 400 500
10
10 11 12 13 12 11 10 9 8 7
10
1 3 5 7 9 11 13 15 17 19
5
19 18 17 16 15
8
2 2 2 3 3 3 4 4
6
4 5 6 1 2 3
5
1 2 3 2 1
10
9 8 9 10 11 12 13 12 11 10