20
6
5 6 2 7 3 10
4
9 8 7 6
5
1 2 3 4 5
7
7 1 5 3 6 4 8
1
42
8
100 80 120 130 70 60 100 125
5
10 10 10 10 10
6
1 5 2 5 2 5
6
10 9 9 9 9 9
9
3 2 6 5 0 3 4 9 7
4
5 4 5 4
7
1 3 2 5 4 6 3
10
1 2 3 2 3 4 5 4 5 6
5
100 50 100 50 100
6
10 20 30 40 50 60
6
60 50 40 30 20 10
6
5 5 5 10 10 5
8
1 3 5 3 1 3 5 3
10
5 1 2 3 4 1 10 5 15 10
5
2 4 1 7 5
6
5 4 6 4 8 2
20
6
2 4 1 3 5 7
4
10 10 10 10
7
9 7 8 6 10 4 12
5
50 40 30 20 10
8
3 3 2 2 1 1 1 1
6
5 10 5 10 5 10
5
1 5 4 8 7
10
2 5 2 5 2 5 2 5 2 5
7
5 6 7 8 9 10 11
6
10 8 9 8 9 8
5
1 2 3 2 1
6
3 1 4 2 6 3
8
7 3 5 3 5 3 5 3
10
1 10 1 10 1 10 1 10 1 10
5
100 200 100 200 100
6
5 4 3 4 5 6
6
9 8 7 6 7 8
7
2 2 3 3 4 4 5
5
5 3 8 6 10
6
10 5 15 10 20 15
