100
69363 80750 77056
0 9 1
43468 48255 6673
3 9 4
39799 14957 25603
5 6 5
83738 34448 66402
5 2 3
908 77320 60531
5 8 6
89348 18987 48988
6 8 9
45584 22371 70873
7 8 9
55120 78813 63095
0 4 4
75357 36890 12293
7 5 1
32446 54153 10861
3 5 5
46655 76401 92037
5 10 1
29146 35845 91262
1 7 5
15199 81107 33307
9 7 4
73576 43998 90270
5 4 3
8579 60457 75593
7 0 7
67804 7944 16432
2 4 3
13573 97257 97790
4 3 5
72560 81877 80042
5 6 10
13276 95404 87670
10 1 8
79669 15704 89361
7 0 7
72462 72745 8300
7 8 4
79693 74141 95511
10 0 2
81108 10932 76921
1 0 9
3539 39417 33709
4 8 10
51629 96538 17309
3 4 4
74211 47958 59220
1 1 2
92846 45361 54173
5 1 4
30418 43470 80244
7 9 3
99774 84198 47214
7 0 1
20079 44500 6458
8 10 6
86211 32781 15358
6 4 6
1534 29530 55413
8 3 2
47541 76668 17667
9 3 0
1254 61804 70819
10 9 7
94363 85572 54663
8 5 8
7720 37641 74440
8 5 6
81099 74927 22405
8 5 0
20325 59533 41117
0 5 7
7526 55481 27057
9 2 1
29892 79977 14634
6 8 2
94483 65254 19265
9 7 6
17264 44564 72679
10 3 8
63745 56699 31780
4 9 5
53226 77810 16421
8 3 6
33216 54951 57939
4 3 0
57342 89574 12836
0 0 0
85640 12211 55153
7 5 2
73586 90424 68638
6 5 4
8670 89936 87170
5 9 10
81973 65439 4460
4 6 6
15965 91720 80849
5 3 5
66614 69963 67988
10 1 6
63591 68714 76672
9 5 0
7737 12945 93779
3 3 7
19667 343 52470
7 8 1
51491 82468 15342
8 1 8
26274 38876 11964
0 3 1
32783 27743 80301
8 2 6
50767 89668 61712
2 5 10
16904 13358 16423
0 9 10
76754 95499 97579
4 2 3
69750 65311 21159
9 4 0
81445 40651 9407
4 0 2
2925 75644 65158
3 4 9
46528 71598 28447
9 10 8
38467 59377 33209
5 10 1
69837 64379 79261
6 2 6
48835 76789 89376
3 0 0
37293 73327 75029
2 1 3
90275 13687 86881
1 1 9
96436 10996 68434
3 1 10
27887 85286 47362
6 0 2
62770 47087 74503
9 7 7
94940 89622 81032
1 9 2
70382 64058 58689
4 1 0
72236 78855 67353
2 5 3
65562 63767 28839
6 3 10
6914 80252 94353
8 3 9
13720 34873 26924
0 2 7
20189 46313 68617
3 5 8
43397 47472 98772
1 5 10
96791 22011 77896
9 2 2
30965 66829 18235
5 1 3
35339 73587 37743
1 9 9
33935 4543 88322
5 0 4
38521 72229 24847
0 7 10
61523 89326 84873
5 6 5
60909 72605 55163
5 10 8
83640 41551 10579
8 5 9
68207 74593 46706
3 4 7
32164 94845 92307
9 7 0
41800 42404 56225
0 0 9
603 60854 2100
8 10 3
5196 32379 27170
5 5 9
62339 79538 1574
5 4 8
4603 83427 3079
7 2 3
42190 97498 84791
10 0 10
5431 9839 2313
0 6 10
48229 99289 64594
3 8 0
39090 16744 46907
5 7 10
