15
10 7 3 5
10 10 10 10 10 10
8 15 3 7
10 10 10 12 10 10
10 10 -10 10 10 -10
10 -10 -10 10 10 -10
5 9 1 59 3 4 29 5 18 4 9 29 3 8
10 7 3 5 10 10 10 10 10 10 8 15 3 7 10 10 10 12 10 10 10 10 -10 10 10 -10 10 -10 -10 10 10 -10 5 9 1 59 3 4 29 5 18 4 9 29 3 8
10 -7 3 5 10 -10 10 10 -10 10 8 -15 3 -7 10 10 10 -12 10 10 -10 10 -10 -10 10 -10 10 -10 -10 10 10 -10 5 9 1 -59 3 -4 29 5 -18 4 9 -29 3 -8
34 34
34 35
1 1 1 1 1 9 1 1
6 8 4 9 5 1
1 1 1 1 1 1 1 1 1 1 1 1 1 1 1 1 1 1 1 1 1 1
212 17 94 78 212 93
