4
45
982
1500
32456
840392
456789123
762351
4789392
1639000
209384
576322
348296
2309801
809234
723456
98000002
3498720
472390000
111223344
567890123456
7890432
9234000
3094823
178923
90823456
23498712
891234
100982345
2094899
56700001
89234
349872
7492001
234981
789134
900234
17329000
800034
123456789
2390847
567000
789234
9123456
287934
673290000
120394
3489123
7000000
849123
990134
20000000
349824
450123
23908
578123
9804321
172345
390478
1122334
56789000001
891200
2349876
789340
1003498
2093445
540290
890021
349872
7249000
234982
879234
900034
172390
899134
200098
349234
12300000000
1723900
987000
432134
987659
1245789
450000
239040
678290
100394
3498123
7100000
8409123
901340
2030000
349824
459123
234908
5678000
900134
20000000
349832
23509295235
3587238526835023506
2582358105615010590235069235
235932097509257023059032507
25385902359072397590732507923790590723
28584356475869584736273485967857
12345678909876543234567898765434567898765434567898765434567890
234567890987654323456789876543234567890
54323456787654345678765435678765456789
234234
10^10000
4
1
2
5
67
8
3
235235
235
235234235