9
4
(0,0) (2,0) (2,2) (0,1)
(1,1)
4
(0,0) (2,2) (0,4) (-2,2)
(-2,3)
8
(0,0) (0,10) (10,10) (10,6) (3,6) (3,3) (10,3) (10,0)
(2,5)
8
(0,0) (0,10) (10,10) (10,6) (3,6) (3,3) (10,3) (10,0)
(4,5)
12
(0,0) (0,10) (25,10) (25,0) (20,0) (20,5) (15,5) (15,0) (10,0) (10,5) (5,5) (5,0)
(12,3)
12
(0,0) (0,10) (25,10) (25,0) (20,0) (20,5) (15,5) (15,0) (10,0) (10,5) (5,5) (5,0)
(17,2)
12
(0,0) (0,10) (10,10) (10,5) (9,5) (9,9) (2,9) (2,1) (9,1) (9,3) (10,3) (10,0)
(1,4)
12
(0,0) (0,10) (10,10) (10,5) (9,5) (9,9) (2,9) (2,1) (9,1) (9,3) (10,3) (10,0)
(8,3)
12
(0,0) (0,10) (10,10) (10,5) (9,5) (9,9) (2,9) (2,1) (9,1) (9,3) (10,3) (10,0)
(8,5)