10
{1.00}
{1.00,2.00}
{.99,2.00}
{1.00,1.99}
{1.87,8.34,12.18,12.30,20.54,21.98,38.93,44.41,53.90,55.08,57.81,59.80,61.38,69.43,72.78,74.04,74.55,75.41,96.67,100.00}
{5.13,20.03,24.81,27.05,48.76,55.79,59.52,61.35,61.55,62.69,66.22,71.24,74.02,82.22,87.14,89.25,91.91,94.65,99.62,99.72}
{1.00,2.00,3.00,4.00,5.00,6.00,7.00,8.00,9.00,10.00}
{10.00,9.00,8.00,7.00,6.00,5.00,4.00,3.00,2.00,1.00}
{1.00,1.00,1.00,1.00,1.00,1.00,1.00,1.00,1.00,1.00,1.00,1.00,1.00,1.00,1.00,1.00}
{3.00,5.00,8.00,9.00,10.00,17.00,17.00,20.00}
