1000
72525
97937
68243
35634
9346
32010
73983
75424
5687
98478
66788
71438
14721
42163
82047
8036
94594
75153
76836
85134
98234
6746
67027
27163
60226
92809
41871
31789
3717
30035
18902
86520
27804
76268
6131
66086
45997
15879
6070
97264
21975
46234
48702
3180
16242
18092
21079
45749
27585
71370
76374
55785
72997
86063
95952
87040
24734
89978
81448
94069
88261
83275
13364
39400
97576
50989
12062
96590
95779
6583
79709
28078
28834
59567
69406
73334
5512
54651
29022
26719
36798
66690
34572
87170
34705
97478
58020
49433
86055
19894
36398
95740
91991
7848
49402
53930
99498
76979
56259
7516
41086
52250
15372
19831
64671
93324
50066
60039
99674
45220
85094
96354
54076
42593
25258
38532
21597
95407
14278
10661
36607
14513
48964
12900
43241
49878
60244
10962
53811
22328
9733
45098
55867
23912
31628
29331
14814
65708
9891
89264
83282
74468
85588
96623
88140
83223
58766
88023
74812
64020
88253
79422
26273
46564
77038
45312
21655
94887
46740
76955
92150
50221
91133
37780
27813
15801
75340
18982
78627
52900
48821
68413
94149
38658
96505
63226
47136
18147
45162
61198
52380
76137
17908
50149
82448
43783
8274
16384
95564
28521
82250
32490
38115
35803
96011
7201
93919
74444
94991
27986
46549
52136
75085
49672
29596
85661
28968
44644
19023
54807
15387
68328
82098
6855
80757
93467
67273
37203
49007
82403
56532
96651
44518
64491
14797
20024
98354
73323
36214
88423
19574
42845
81246
57683
82833
97157
17341
62538
33332
88107
98765
81758
41314
63918
1335
53913
83198
19863
42364
89478
60918
63438
68005
61881
75381
4492
49279
1605
5128
7513
19735
11550
30294
96266
51587
63992
97139
20944
5437
7750
77558
12678
95669
61269
46855
99386
49366
75099
55256
92905
72951
76303
30689
90866
36925
96407
27884
4515
43292
77683
55448
79562
45349
36418
27655
4941
63321
12814
56682
62933
65232
40326
48187
33239
55722
22978
22183
97249
96796
71706
97079
74462
10036
19988
19988
91380
4116
41379
78937
45910
49448
72361
10805
75680
51776
40891
34202
32443
60544
67264
67927
24514
29047
9638
11070
51151
56560
90494
32444
4060
60064
59607
5035
73660
54695
66225
89900
37219
31251
32793
12981
39168
31192
34361
51489
98802
8253
49198
94482
6661
34497
31192
61342
82315
94653
93616
38796
8305
10754
21969
69301
80704
22286
62883
22825
70529
32238
34003
85124
29223
41002
72707
93686
62371
65309
11877
10155
58470
11306
67452
47346
5693
12571
36521
17264
81384
3734
17260
7026
78247
36204
11297
32
38221
81199
4929
41239
34888
55824
70210
38317
90623
31863
50555
7527
89750
89832
24139
13160
63654
99416
53744
18768
23697
48897
9529
33472
45187
34317
37913
3080
98902
10858
7647
59859
47730
42480
98883
52331
52720
28092
28110
60905
91232
64803
1646
32582
74945
72537
47348
8020
16085
69899
48595
96999
11054
57229
81987
98903
81721
32786
91598
9971
72567
11016
92822
97352
51897
75828
63200
81315
39110
46275
16993
94510
55722
31947
24126
92035
99098
62174
17970
1889
37159
59342
23223
44387
73221
36923
5327
53769
94285
99526
92855
18443
89699
8543
2155
18166
15202
50786
30279
43146
21654
73593
95799
95977
83163
70795
44779
60347
32212
77812
62119
96481
47038
24915
10942
10141
49730
70943
57830
94985
92947
95047
15828
71239
81612
15934
65314
98096
28189
46314
36889
6586
75951
70845
65677
9946
25413
59535
76593
67061
1514
50547
60806
43584
58440
27397
27335
8223
87030
61266
81099
60643
12069
82477
52623
24802
56857
70631
80233
59390
80208
84769
20293
93591
65435
37508
85576
91406
36154
44222
65078
6787
86284
88628
91752
5365
92204
55788
76930
85350
77127
15104
97333
28964
75078
4381
70176
32339
45603
63733
53149
41907
10009
52597
9241
99038
99696
46770
10312
71478
73709
42283
51956
28411
81503
92310
63097
37832
6106
6629
77386
73908
57910
7920
20334
4220
76650
91133
11454
17468
93700
68308
91192
48623
34717
71569
63870
88213
13550
56924
18100
83984
12831
9112
13220
47108
38053
11129
52422
20713
76100
84011
75815
12621
13387
51153
95121
87725
92653
38682
36699
64894
61262
37023
93403
1290
80690
68246
80253
59381
48287
80961
12653
38502
84279
49606
89536
25573
56924
75367
54141
55216
23605
3811
9963
74962
52230
93819
8666
82456
16968
33370
43950
20401
85646
22229
39147
42845
62263
20100
27042
30484
92513
77616
20970
53333
19108
24213
94047
18845
5729
77443
51630
67903
50422
24295
90903
24065
64182
75399
55766
29799
10504
47582
42305
91243
93899
86985
65108
39280
6099
96906
39010
44357
96883
75304
69149
49222
4497
63391
6190
27951
64131
82549
24251
538
75646
16419
13476
92443
54152
69347
57583
33056
79697
38872
50687
67907
17681
65260
96167
94951
43639
40695
98176
44058
95605
84355
24217
57798
13240
9859
82598
16030
97835
1019
83985
53479
20429
67885
85545
4766
16360
23091
78291
2071
36953
79930
43268
94134
86030
55961
44747
94133
18495
35201
74784
35974
52444
74458
50927
72523
52818
51375
15933
44430
42187
45632
46391
98972
13292
38935
55930
41039
35178
61885
49204
20083
29888
97490
82371
62128
33828
55281
51499
60130
15004
68725
88
56602
50054
3447
93713
68671
10848
99635
75721
13308
88212
79717
15886
62655
58273
40228
8297
27608
31050
15428
2165
69390
81238
1401
5347
96253
42167
12823
1675
98264
40512
29991
93874
21983
9683
99950
71503
47379
91189
93874
54469
96742
14297
49423
30545
19101
92132
15275
29670
85180
89375
49243
42831
68642
26852
31318
96695
10336
14491
95565
29514
63060
53625
44639
61191
52936
92984
8197
44242
22696
47497
62536
51407
68065
89276
98204
96170
72034
75869
1013
82258
31150
43727
6990
83324
57976
28064
65152
76315
80726
11177
74072
38803
64254
67155
57006
63594
74281
774
77428
32496
54182
32701
30433
93774
86137
57403
43897
41135
17840
1668
98749
89536
32956
95145
79282
26623
10251
12349
84522
89121
64941
72645
53093
57358
95177
13637
50211
45764
24554
65209
76827
26083
49419
99183
42093
40034
56475
3544
70637
5036
10045
54250
41462
51672
30227
52900
8987
89267
47862
25350
13334
89847
94438
81621
45520
62987
12277
69390
37972
40589
92424
32108
49073
40695
54078
12839
3963
99354
72320
40644
26635
95160
99686
23247
63789
57281
67645
19343
