657448191
1198908028
582104260
158713836
10916128
128072010
684148545
711078616
4039903
1212214941
557562921
637905621
27081120
222193740
841422753
8070153
1118479456
705959100
737952153
905953461
1206215286
5686878
561543828
92214990
453381328
1076642406
219126645
126301671
1725153
112747636
44655975
935692170
96625851
727081911
4695580
545903403
264442503
31509891
4604095
1182511396
60351591
267186286
296473425
1263255
32971260
40910535
55529991
261598501
95102736
636691770
729104391
388967886
666033753
925811965
1150824300
946973440
76465161
1011982566
829201726
1106075061
973706385
866799066
22321221
194035150
1190110078
324959271
18183465
1166179365
1146654216
5413695
794150731
98539741
103917736
443498653
602131753
672216111
3796390
373314150
105277305
89224761
169252401
555927840
149394255
949804320
150537276
1187720691
420775545
305427970
925639851
49466431
165592701
1145744515
1057747015
7696926
305057350
363542130
1237456626
740682316
395606256
7059403
210997153
341244750
29533455
49148655
522759945
1088647791
313313028
450555171
1241838366
255594745
905102331
1160487576
365513203
226749160
79739506
185579745
58293003
1137764253
25479091
14201785
167490753
26321140
299671921
20798025
233701390
310964391
453652381
15017940
361926060
62311866
11836545
254217426
390112278
71466990
125033391
107523780
27428121
539676231
12224040
995985396
866965620
693166761
915641821
1166952205
971060415
865716855
431665653
968462055
699585715
512304045
973529875
788461905
86270680
271014121
741837421
256635840
58606551
1125395403
273066765
740220526
1061429775
315243495
1038107395
178406605
96681465
31201050
709495615
45034795
772736328
349788025
297911845
585008115
1107957201
186795456
1164103626
499675078
277713528
41155128
254939490
468134101
342944955
724567278
40082581
314340201
849688476
239596995
8555316
33550336
1141535871
101666670
845612250
131941890
181575096
160213950
1152216010
6478200
1102550361
692720031
1127863765
97895028
270827901
339757278
704682111
308401030
109483003
917183035
104885886
249124681
45224805
375448503
29587278
583572366
842489676
5870451
815171253
1091963278
565673430
172989300
300186253
848740600
399469245
1167628650
247720411
519853890
27361503
50115066
1209164076
671996130
163922671
977284155
47887791
229440331
825093753
415887220
857621820
1179886753
37580115
488859546
138869445
970311378
1219266271
835525881
213345496
510672861
222111
363299490
865217601
49307415
224327971
1000766691
463860111
503031621
578051001
478626330
710249205
2521135
303527841
321201
3285766
7051890
48673911
16672425
114708231
1158368778
332626528
511856010
1179449596
54826156
3692403
7505875
751886031
20088291
1144021861
469205661
274400451
1234672278
304612903
704944926
381639378
1078870926
665194575
727730325
117711496
1032056028
170413491
1161740503
97182711
2545896
234263835
754292220
384296226
791244090
257043801
165774736
95586051
3049215
501161970
20521621
401591970
495038845
531885420
203263203
290224278
138087271
388103730
65992816
61499595
1182122376
1171159003
642700878
1177992991
693055065
12587653
49935021
49935021
1043765205
2116653
214007016
778841778
263454535
305625726
654478110
14588101
715913880
335081328
208988790
146213550
131552310
458181856
565538896
576725703
75110896
105451503
11608971
15315345
327027525
399865060
1023622881
131568531
2059435
450945496
444094503
3166386
678206035
373915531
548185716
1010228775
173138136
122062500
134406210
21056805
191756736
121609810
147567610
331363896
1220204700
8509875
302543101
1115832420
5542785
148738128
121609810
470339785
846928746
1119851475
1095471028
188131503
8617476
14453376
60318636
600293925
814121776
62077653
494252520
65111166
621757216
129903021
144508500
905740641
106733355
210135250
660752128
1097109903
486236520
533125531
17626953
12885426
427327995
15975378
568704675
280193628
4048435
19747470
166704670
37251396
827899086
1741911
37234135
6168828
765285003
163832151
15947128
120
182586495
824119101
3034416
212561271
152137846
389525916
616162960
183504903
1026520705
126890415
319450726
7078203
1006860375
1008701070
72824346
21644910
506463051
1235417778
361038756
44025036
70181628
298840128
11345466
140038480
255210528
147189903
179655490
1185030
1222675975
14734306
7305753
447857556
284757180
225558180
1222181520
342290530
347411620
98638035
98764485
463646926
1040386920
524896200
338253
132690195
702056656
657665778
280217301
8038045
32332861
610698826
295159956
1176052251
15271101
409366191
840192528
1222675975
834749370
134357028
1048751301
12422620
658209903
15166278
1076967255
1184652150
336636378
718716741
499264200
826475496
191189235
267648816
36086760
1116493885
388103730
127560378
72751953
1058759136
1227526926
483185241
40360620
445096
172580331
440169285
67401855
246253528
670127745
170395030
3544453
361361286
1111160511
1238153203
1077709951
42508810
1005693976
9118585
579426
41245903
28883800
322389528
114587091
232686378
58606551
676954410
1147133151
1151400078
864468990
626456106
250622466
455189878
129693565
756818965
482315211
1163524680
276559921
77582196
14963185
12849915
309121680
629078185
418024155
1127721286
1079846628
1129194003
31311741
634338771
832544415
31732561
533223496
1202828628
99313371
268111746
170081346
5420278
721031325
627341331
539150703
12362878
80714865
443022261
733272660
562113685
286146
319349628
462156003
237434736
426889590
93810753
93386611
8448105
946755855
469175028
822090426
459666360
18201561
850265703
346121205
76886200
404061378
623556955
804626670
440881665
804145356
898180536
51465585
1094862615
535184686
175846881
915385078
1044359253
163379926
244437105
529376991
5754528
930594511
981843141
1052280750
3595221
1062674151
389023671
739758880
910556475
743533203
28512576
1184165445
104856921
704569491
2396955
615566328
130710196
259931400
507705045
353075451
219503628
12517506
345779253
10669890
1226040921
1242386628
273417420
13289590
638620191
679090231
223460370
337415253
100883910
830301625
1065118935
497622378
178898070
4658878
5489641
748554778
682780581
419181535
7838820
51678861
2224995
734383650
1038107395
16396401
38137011
1097437825
583230781
1039474810
295500205
150641403
640229436
509906145
972647565
22946925
405028491
40946725
881643036
20572905
10376290
21842745
277383681
180984825
15476266
343495155
53618190
723882225
882189010
718451371
19904895
22394778
327053100
1130953020
961915591
1073025975
187027470
168333726
526387681
469113765
171319305
1090468350
207690
813839340
582172503
805027875
440733205
291430153
819294960
20005975
185290875
887826591
307582003
1002064528
81734505
405028491
709985403
366378915
381087028
69637701
1813560
12402690
702393940
340983555
1100203686
9385278
849853378
35984886
139186270
241439325
52014900
916883253
61754941
191541378
229440331
484554015
50496225
91401960
116151661
1069785640
753011028
54962370
355524445
45634681
73271565
1105557753
44382331
4099816
749638560
333194205
576318225
317784655
73768731
1032873975
72378496
514900095
710588451
388716903
110982651
13789126
282993945
223692976
1040615010
1102080826
945755286
529865181
192854980
4646676
1173822378
190212760
245920753
1173241020
708817726
597663451
302838355
2525628
502270665
4787965
97643325
514066080
851750901
73501750
36046
715270753
33689736
22696953
1068167310
366541350
601091128
414446445
136579128
793911628
188869330
321121153
576386128
39068380
532342135
1155963403
1126914075
238023471
206990031
1204791328
242627406
1142491701
889428576
73295778
417561651
21908890
12145056
852783051
32116105
1196411986
129286
881643036
357473691
52157791
576012711
914700606
2838153
33452110
66637740
766145940
535095
170672050
798580630
234004161
1107627711
925123605
391426210
250264378
1107580645
42748881
154871200
699062136
161757091
343783531
692980606
324169453
657411930
348704436
329898141
31724595
246742005
222446778
260273520
268992415
1224407355
22081335
189472311
391006630
210504421
154677666
478688211
302616901
50405820
111654096
1188013140
848081520
482470516
143033241
381970980
331492626
451937080
28136251
590356341
946
400459150
313162851
1483503
1097718940
589428945
14707176
1240841836
716670870
22134531
972647565
794310153
31541653
490674801
424438680
202276441
8600878
95268306
120505050
29749041
584821
601854165
824931271
244650
3571128
1158031875
222235903
20547255
349866
1206952146
205142640
112417515
1101517516
60395545
11715220
1248725325
639049125
280572516
1039383621
1101517516
370831761
1169852635
25543378
305304405
116609356
45596475
1061015145
29158066
110031195
906932755
998441641
303084510
229290405
588948360
90122025
122594311
1168692031
13351528
26241390
1141535871
108877146
497054685
359428266
249057721
468011715
350264278
1080729786
8394753
244658260
64382878
281971878
488828278
330309253
579071496
996253203
1205478651
1156059570
648594136
719475211
127765
845776756
121282525
238984453
6105765
867840291
420137578
98441496
530581600
727959246
814565703
15610078
685814130
188189700
516056001
563690676
406196253
505508706
689671230
74691
749367541
131990628
366947595
133653075
115755720
1099171941
927404778
411859350
240846378
211490461
39778740
347361
1218871251
1002064528
135754003
1131523806
785684620
88584705
13130250
19056051
892974930
992774520
527134215
659625681
352331785
411228181
1132285078
23239153
315117960
261781521
75356226
531494106
737760078
85027320
305254986
1229608845
221456535
200330136
398649966
1569106
623662903
3168903
12607731
367869250
214876815
333736530
114193828
349788025
10091278
996030028
286334415
80321475
22221111
1009015503
1114793371
832707645
258997420
495888778
18834453
601854165
180224605
205913071
1067751366
128857431
300995380
206990031
365540241
20598571
1961190
1233877326
653754720
206481681
88664586
1131904410
1242137403
67541253
508597671
410110480
571946931
46759285
