MESSAGE 29
0101010001101000011001010010000001010101010010010100110000100000
0100101001110101011001000110011101100101011100110010000001100001
0111001001100101001000000110001101101111011011110110110000100000
0110011101110101011110010111001100100001
MESSAGE 42
0100010101110011011100000110010101100011011010010110000101101100
0110110001111001001000000111010001101000011001010010000001100001
0111010101110100011010000110111101110010001000000110111101100110
0010000001110100011010000110100101110011001000000111000001110010
0110111101100010011011000110010101101101001000010010000000100000
0011101100101001
