START 3 4
1 5 2
4 X 3
7 8 6
1 2 3
4 5 6
7 8 X
END
START 3 3
1 2 3
7 X 8
6 5 4
1 2 3
8 X 4
7 6 5
END
START 4 10
1 X 2 4
5 6 3 7
9 10 11 8
12 13 14 15
1 2 3 4
5 6 7 8
9 10 X 11
12 13 14 15
END
START 5 5
1 2 3 4 5
6 7 8 9 10
11 12 X 13 14
15 16 17 18 19
20 21 22 23 24
1 2 3 4 5
6 7 8 9 10
11 12 X 13 14
15 16 17 18 19
20 21 22 23 24
END
START 3 0
1 2 3
4 5 6
7 8 X
1 2 3
4 5 6
7 X 8
END
START 3 0
1 2 3
4 5 6
7 8 X
1 2 3
4 5 6
7 8 X
END
START 7 15
1 2 3 4 5 7 6
14 13 12 11 10 9 8
15 16 17 X 18 20 21
29 28 26 25 19 24 22
27 30 31 32 33 23 35
42 41 40 39 37 34 36
43 44 45 46 38 47 48
1 2 3 4 5 6 7
14 13 12 11 10 9 8
15 16 17 18 19 20 21
28 27 26 25 24 23 22
29 30 31 32 33 34 35
42 41 40 39 38 37 36
43 44 45 46 47 48 X
END
START 10 15
10 1 2 3 4 5 6 7 8 9
20 11 12 13 14 15 16 17 18 19
21 22 32 23 24 25 26 27 28 29
30 31 42 33 34 36 46 37 38 39
40 41 43 44 54 X 35 47 48 49
50 51 52 53 55 45 56 57 58 59
60 61 62 63 64 65 66 67 68 69
70 71 72 73 74 75 76 77 78 79
80 81 82 83 84 85 86 87 88 89
90 91 92 93 94 95 96 97 98 99
X 1 2 3 4 5 6 7 8 9
10 11 12 13 14 15 16 17 18 19
20 21 22 23 24 25 26 27 28 29
30 31 32 33 34 35 36 37 38 39
40 41 42 43 44 45 46 47 48 49
50 51 52 53 54 55 56 57 58 59
60 61 62 63 64 65 66 67 68 69
70 71 72 73 74 75 76 77 78 79
80 81 82 83 84 85 86 87 88 89
90 91 92 93 94 95 96 97 98 99
END
