695
663
647
440
597
658
685
655
593
618
610
540
620
592
543
546
710
698
665
738
640
619
612
645
741
524
650
576
517
572
573
629
645
576
735
592
616
733
628
629
624
647
582
597
587
586
605
675
617
621
604
587
617
542
656
688
670
677
586
659
604
620
596
774
662
584
672
700
674
575
651
711
603
700
602
620
642
628
550
593
638
465
629
706
573
601
613
597
550
599
654
547
662
611
628
564
611
585
566
625
625
466
554
526
657
558
710
626
553
691
684
563
648
657
598
644
554
634
678
695
642
746
582
525
745
609
611
679
659
618
577
585
699
584
637
597
548
723
605
588
592
705
718
575
616
696
652
579
585
667
674
651
653
647
624
588
596
651
663
696
681
658
603
563
630
669
796
581
650
518
629
615
615
687
619
641
665
742
587
664
653
606
779
662
535
606
619
633
684
572
729
570
561
575
701
593
601
619
566
663
503
533
708
639
731
690
684
658
705
585
598
691
593
700
606
663
610
547
598
590
601
684
765
523
614
638
591
603
724
702
596
619
565
563
652
712
615
627
597
658
639
648
687
641
627
606
706
701
543
519
594
595
640
569
607
665
672
609
519
654
632
601
626
649
504
591
534
615
673
647
516
604
660
603
555
784
628
655
584
574
668
714
616
570
644
499
638
673
589
648
575
596
673
648
561
723
648
528
673
730
613
632
710
572
514
598
636
681
636
612
513
598
521
584
606
594
589
629
523
660
617
553
670
651
584
612
524
661
645
743
642
641
638
705
627
623
570
636
638
641
694
623
608
528
611
542
539
611
635
604
488
604
579
706
576
672
674
740
621
712
694
567
614
570
623
594
667
690
594
670
621
758
575
537
625
666
673
593
647
654
597
677
624
623
625
672
722
565
672
567
600
616
688
595
650
599
578
595
608
623
603
635
659
648
589
716
578
661
623
581
682
701
612
678
631
619
552
521
619
675
649
538
529
697
637
640
568
606
613
645
595
646
665
606
517
621
647
582
622
531
710
654
575
595
559
521
595
606
592
523
716
550
705
613
731
541
683
576
507
599
637
619
536
660
703
589
648
571
539
617
672
626
556
648
637
654
629
652
582
639
708
753
537
644
601
666
536
683
616
819
667
637
648
643
747
611
620
726
695
591
627
577
633
676
680
630
671
587
606
594
658
516
625
578
615
608
670
608
614
576
585
644
664
622
658
589
681
587
577
742
570
737
658
576
677
585
574
677
593
508
609
715
730
540
590
551
587
601
645
733
637
678
630
799
589
600
662
613
690
587
566
562
649
451
712
687
552
567
756
803
602
759
669
590
674
690
582
767
619
580
547
568
609
556
643
690
601
569
577
588
588
522
611
677
651
562
623
695
650
644
640
605
705
652
580
556
651
629
568
592
564
628
775
535
627
661
587
544
540
547
561
575
580
580
581
573
671
603
627
555
679
569
534
535
678
550
614
662
632
599
552
631
670
654
639
546
648
559
588
612
671
549
652
559
685
636
564
640
648
655
704
744
550
682
595
617
541
579
642
574
660
659
634
555
571
584
563
693
787
693
613
673
695
657
545
609
574
656
704
594
625
630
701
639
530
575
697
687
637
651
605
536
616
695
649
602
550
605
673
639
529
488
628
637
525
565
718
648
591
588
606
534
555
599
592
616
609
614
696
657
592
647
604
598
604
685
669
640
657
550
581
554
672
736
642
650
544
633
582
764
656
584
747
555
641
592
614
696
639
519
651
676
721
583
648
714
582
604
622
572
588
562
599
590
583
592
671
581
623
566
520
718
607
529
611
688
666
660
695
626
576
605
621
626
704
524
584
648
647
694
555
665
720
558
647
656
616
547
635
626
577
659
581
743
599
553
543
660
489
593
698
608
635
677
619
618
648
651
661
577
642
659
635
608
623
646
596
534
589
576
669
546
639
722
577
582
580
664
624
659
654
533
640
615
570
692
638
674
582
599
705
680
599
635
471
590
656
671
770
571
602
654
545
582
596
555
632
605
639
757
699
637
449
573
635
681
614
575
591
695
539
729
614
629
614
571
668
546
676
615
600
702
512
667
651
530
705
696
639
620
614
617
641
603
617
654
561
607
594
580
683
683
593
505
680
670
661
601
550
719
573
640
555
534
592
585
677
643
620
600
685
701
552
651
624
698
498
520
582
591
635
552
553
748
633
654
681
652
680
673
602
632
659
562
616
631
619
646
552
720
634
639
610
576
598
630
671
701
654
611
624
607
756
639
582
650
589
712
660
563
598
624
677
618
617
615
595
540
639
651
