-667459849
-490251503
-1315522783
-104386013
2018644018
1219513039
-971227771
-1910473238
-33324869
-364159897
-1034000877
398028229
1944708070
1498773040
538638691
-1280880312
2062026989
678398433
1835189459
-751696836
-1510651591
1902649227
1035009126
-622103370
1275565791
1486756808
-1459857687
-982452634
783380332
-1425197772
-1485092777
245233452
-43665691
413650204
-2138636674
-128128784
-1141915895
1453924213
194970593
1606186162
-154272040
-1866072561
1447668960
-725857569
-838713768
1540459274
1856746262
178660583
-1898825066
-338778488
1265869570
1727843339
1931478506
-1447165020
-1537474584
-346801797
1236379775
-1509680990
-984530439
-1073536097
708035858
2051104358
393679537
-1546679116
-767867398
1546294058
152726400
-1396889957
172381799
-1047137173
-833324372
1631428589
721234926
-1882348508
-235113867
-596627886
-564156
1686547774
130328185
-1658918381
1314061129
-924886202
-683566247
-755118356
-290054840
-1245783712
-1033900899
-1852279257
-198878851
-1743041413
-759681836
-1315381787
-945030953
1246420165
-25287681
1491259838
2087484670
1087857249
-1178922960
-173750132