98
3
0 96 88
84 0 -1
-1 14 0
6
0 93 11 -1 -1 1
31 0 29 74 45 -1
65 -1 0 16 -1 39
79 -1 84 0 40 1
95 85 22 -1 0 61
86 2 25 56 -1 0
5
0 48 -1 -1 27
-1 0 67 -1 9
65 45 0 58 13
89 20 79 0 78
60 9 -1 41 0
9
0 50 88 67 95 60 81 41 64
2 0 81 20 74 79 41 87 11
43 54 0 95 44 -1 -1 -1 94
88 -1 47 0 47 10 99 97 37
63 -1 80 25 0 -1 -1 93 8
16 26 75 9 28 0 63 82 60
40 47 83 80 -1 98 0 -1 8
61 66 88 11 59 12 -1 0 22
37 55 -1 41 -1 -1 4 68 0
2
0 15
97 0
4
0 80 -1 24
63 0 59 -1
6 -1 0 71
61 39 -1 0
9
0 92 74 17 28 34 6 19 70
87 0 64 -1 30 52 66 15 76
-1 32 0 22 85 -1 19 -1 53
-1 88 75 0 -1 29 4 -1 100
32 44 84 -1 0 16 24 92 63
3 41 -1 24 65 0 27 75 56
85 70 3 81 16 74 0 -1 6
63 43 81 91 57 -1 -1 0 41
-1 -1 97 -1 88 12 26 25 0
7
0 70 19 46 61 22 70
94 0 29 -1 100 14 33
62 71 0 34 58 -1 54
95 67 32 0 41 50 46
98 5 -1 85 0 -1 65
90 66 41 71 73 0 46
97 54 59 56 15 82 0
7
0 50 35 77 43 50 -1
81 0 49 -1 72 91 -1
-1 52 0 22 -1 63 97
-1 65 34 0 41 65 91
-1 71 9 -1 0 79 48
79 58 -1 -1 11 0 41
17 60 29 31 61 18 0
10
0 -1 -1 21 79 90 96 76 33 41
-1 0 97 60 85 52 -1 60 91 3
52 -1 0 30 86 56 -1 80 56 34
-1 -1 -1 0 30 -1 4 95 73 15
-1 -1 1 97 0 -1 67 78 63 85
49 88 47 32 2 0 14 77 88 35
85 -1 31 84 89 -1 0 6 6 68
37 28 44 78 15 98 -1 0 67 51
10 25 -1 46 3 -1 8 -1 0 13
88 -1 -1 88 84 54 -1 5 62 0
2
0 47
55 0
9
0 68 14 98 67 75 50 81 83
50 0 17 -1 24 83 -1 -1 82
98 84 0 100 87 70 82 50 -1
45 86 33 0 33 39 -1 78 8
84 53 31 42 0 96 4 53 27
97 59 77 95 22 0 89 64 -1
7 96 46 97 52 29 0 -1 -1
-1 20 85 60 23 73 59 0 1
100 53 -1 -1 60 37 -1 -1 0
9
0 12 -1 40 58 96 -1 31 15
28 0 59 -1 -1 48 89 23 48
83 86 0 36 79 91 74 33 23
20 34 89 0 -1 -1 38 -1 24
38 32 33 -1 0 -1 86 42 88
54 -1 68 -1 -1 0 88 -1 60
55 15 42 -1 73 -1 0 51 10
40 91 49 89 42 -1 57 0 92
2 -1 35 46 17 -1 36 69 0
8
0 15 20 2 66 42 -1 100
13 0 -1 96 -1 11 93 -1
37 72 0 96 69 41 39 79
85 -1 17 0 92 41 26 86
59 -1 61 71 0 -1 52 56
31 87 58 41 96 0 81 94
99 89 24 17 54 -1 0 13
72 55 84 -1 -1 -1 -1 0
7
0 84 -1 15 79 -1 37
73 0 86 44 -1 -1 40
70 10 0 15 20 80 89
-1 -1 -1 0 90 22 99
65 -1 37 53 0 40 2
51 23 30 98 11 0 94
79 17 -1 49 91 90 0
7
0 49 -1 46 25 -1 46
-1 0 29 9 -1 9 -1
45 -1 0 -1 -1 47 61
-1 59 86 0 83 9 27
69 37 47 33 0 8 60
14 100 7 11 -1 0 76
80 2 -1 9 93 56 0
1
0
10
0 -1 64 38 33 -1 11 65 58 63
58 0 38 98 -1 6 20 12 83 47
22 88 0 5 64 58 46 1 -1 59
37 79 24 0 56 -1 37 -1 90 65
57 -1 40 42 0 28 23 82 75 -1
42 60 61 58 63 0 5 -1 86 37
52 96 66 45 89 7 0 -1 14 -1
18 53 -1 49 50 15 85 0 91 49
78 97 97 29 22 71 -1 59 0 73
80 93 93 69 79 -1 -1 85 44 0
4
0 3 96 10
12 0 -1 43
91 69 0 8
78 -1 66 0
9
0 68 14 44 -1 66 79 52 57
-1 0 55 90 -1 55 14 71 41
-1 100 0 18 51 64 49 -1 -1
-1 47 96 0 37 40 82 98 3
18 95 62 96 0 23 -1 71 86
74 1 -1 72 18 0 -1 39 26
75 38 -1 81 56 85 0 88 2
38 16 75 28 -1 -1 -1 0 97
18 37 -1 6 15 97 11 37 0
10
0 73 17 -1 44 35 61 56 45 66
-1 0 78 12 10 9 31 10 97 -1
89 27 0 -1 95 66 66 -1 26 26
63 87 63 0 22 51 -1 70 69 80
89 60 17 56 0 21 61 44 27 -1
28 1 -1 40 33 0 60 -1 7 32
61 77 87 47 27 8 0 80 56 97
59 83 61 1 4 30 13 0 85 -1
-1 46 -1 7 22 93 95 74 0 60
-1 65 -1 97 28 -1 67 73 1 0
9
0 -1 23 23 54 88 -1 84 42
-1 0 95 32 61 44 87 52 21
61 48 0 47 39 68 21 19 6
39 43 88 0 48 53 -1 43 18
-1 15 70 25 0 13 9 -1 80
68 83 11 83 29 0 24 9 80
19 47 1 46 96 88 0 92 92
46 -1 78 -1 10 5 -1 0 23
99 2 22 80 -1 8 6 9 0
5
0 28 75 -1 15
93 0 64 73 -1
58 86 0 24 -1
-1 88 -1 0 -1
21 8 37 -1 0
9
0 54 17 49 90 85 24 -1 2
-1 0 50 72 89 -1 72 27 36
48 55 0 86 74 -1 -1 53 23
94 14 -1 0 -1 43 -1 -1 71
59 95 46 65 0 98 20 98 79
38 85 17 74 56 0 -1 10 48
71 7 38 81 84 56 0 -1 -1
97 22 57 -1 86 -1 89 0 12
71 -1 21 97 66 81 -1 80 0
8
0 28 32 49 -1 88 13 30
9 0 95 54 85 48 51 35
90 51 0 -1 2 41 97 71
37 95 30 0 -1 -1 -1 7
-1 41 51 32 0 78 2 73
-1 96 34 54 4 0 -1 49
5 83 -1 33 50 88 0 -1
31 62 -1 29 21 -1 85 0
10
0 88 35 7 53 3 91 77 83 48
36 0 95 58 35 22 2 47 27 14
10 -1 0 69 52 97 47 -1 21 35
9 31 -1 0 97 -1 48 30 2 70
-1 -1 80 55 0 93 -1 10 -1 62
50 16 37 96 54 0 -1 -1 91 19
43 27 12 53 95 7 0 92 -1 21
91 75 82 40 79 8 61 0 12 42
92 95 65 28 15 9 45 84 0 -1
85 23 25 97 -1 57 69 68 47 0
5
0 -1 7 55 -1
11 0 1 41 70
31 52 0 5 42
-1 3 -1 0 -1
65 77 51 20 0
9
0 97 45 1 -1 18 98 60 81
-1 0 59 -1 32 33 12 24 -1
45 -1 0 -1 76 44 80 48 97
53 24 72 0 -1 91 38 31 16
45 84 -1 92 0 51 8 -1 81
89 -1 29 77 29 0 -1 24 64
-1 70 49 31 91 96 0 95 -1
-1 22 78 75 55 95 -1 0 4
10 14 50 3 49 -1 32 78 0
4
0 98 4 75
1 0 30 60
33 9 0 68
-1 21 7 0
6
0 -1 42 41 79 1
36 0 48 28 98 17
77 44 0 26 88 19
-1 25 17 0 33 73
13 58 32 55 0 39
-1 10 89 -1 23 0
10
0 89 33 -1 96 -1 39 74 6 -1
-1 0 41 94 24 -1 95 93 58 2
1 59 0 -1 55 -1 32 -1 71 63
-1 -1 91 0 -1 69 -1 91 23 33
4 93 87 23 0 -1 -1 82 -1 30
42 51 18 85 49 0 27 -1 94 22
74 65 52 72 95 52 0 -1 83 95
80 1 -1 67 91 12 41 0 6 89
74 64 16 41 42 100 72 95 0 35
88 2 18 41 -1 91 97 18 -1 0
9
0 36 85 50 64 -1 -1 86 46
68 0 55 -1 74 87 66 85 -1
67 13 0 15 46 20 51 10 44
9 93 95 0 -1 42 56 85 91
58 9 25 92 0 2 36 -1 90
18 27 90 69 54 0 94 82 78
68 26 33 67 61 10 0 49 81
74 -1 34 15 -1 -1 67 0 11
10 83 38 -1 72 49 -1 83 0
8
0 -1 29 26 36 -1 81 65
-1 0 13 74 98 53 75 63
56 88 0 97 33 -1 64 89
85 -1 85 0 -1 21 -1 27
56 46 -1 -1 0 -1 46 2
51 43 68 14 -1 0 -1 11
80 -1 46 57 -1 100 0 89
58 57 -1 -1 86 78 66 0
6
0 37 9 39 38 8
48 0 42 -1 36 2
19 69 0 70 -1 -1
47 3 31 0 9 -1
4 -1 -1 53 0 78
87 60 3 -1 -1 0
9
0 33 74 83 35 81 4 77 7
68 0 59 48 34 80 95 69 9
5 -1 0 93 6 71 69 17 44
79 6 26 0 52 22 -1 23 32
27 100 -1 42 0 61 42 95 4
71 -1 38 64 39 0 99 23 19
84 -1 -1 96 93 8 0 77 53
33 45 100 -1 79 26 -1 0 62
49 19 -1 -1 23 78 -1 82 0
6
0 67 51 13 20 -1
53 0 -1 -1 93 83
83 4 0 45 32 17
64 22 84 0 33 82
54 -1 80 54 0 97
19 73 4 -1 99 0
7
0 14 23 47 29 70 50
-1 0 9 -1 31 98 41
65 7 0 99 2 -1 10
87 22 28 0 75 29 -1
25 16 -1 80 0 26 81
6 -1 70 44 51 0 39
56 67 -1 24 1 84 0
3
0 20 26
27 0 57
-1 97 0
6
0 10 81 -1 98 -1
82 0 4 5 4 -1
25 71 0 43 45 98
93 26 43 0 50 -1
95 3 36 11 0 57
75 -1 8 70 -1 0
7
0 98 85 1 36 76 48
9 0 30 97 88 10 4
72 71 0 70 34 57 -1
-1 85 -1 0 74 6 78
-1 3 77 68 0 48 -1
81 96 47 79 50 0 22
-1 39 99 -1 69 66 0
5
0 99 66 82 25
21 0 -1 77 38
-1 -1 0 68 53
-1 69 10 0 72
5 21 56 64 0
6
0 1 20 -1 75 24
-1 0 86 56 63 98
59 9 0 29 41 80
47 65 21 0 35 51
53 32 23 87 0 23
19 -1 2 29 14 0
9
0 91 34 78 -1 24 92 70 56
45 0 32 -1 60 17 100 5 -1
100 67 0 -1 84 60 -1 20 59
45 85 -1 0 7 -1 -1 34 72
96 16 24 -1 0 81 93 47 41
64 81 73 14 4 0 -1 67 40
6 26 65 40 43 -1 0 39 -1
28 45 86 19 65 97 38 0 70
-1 49 99 51 58 68 -1 -1 0
1
0
4
0 59 55 1
-1 0 66 26
28 87 0 -1
-1 9 10 0
5
0 -1 14 6 19
37 0 3 69 -1
34 -1 0 -1 33
27 53 45 0 13
99 18 34 12 0
3
0 4 80
23 0 89
29 48 0
9
0 3 22 -1 47 92 100 72 32
20 0 -1 25 40 1 54 90 37
55 99 0 -1 -1 48 18 99 -1
53 30 53 0 3 78 30 100 42
12 82 4 29 0 73 10 -1 37
27 29 -1 28 33 0 12 44 83
-1 10 28 55 100 -1 0 72 88
92 2 29 -1 10 38 -1 0 40
81 63 49 34 53 52 62 67 0
1
0
9
0 83 13 22 74 -1 58 -1 92
40 0 36 97 69 20 49 56 86
-1 54 0 88 38 62 77 76 34
83 43 86 0 99 41 -1 68 28
66 100 -1 81 0 18 80 6 64
8 42 -1 54 -1 0 -1 58 86
-1 -1 20 3 40 -1 0 87 19
-1 19 -1 21 94 -1 61 0 20
55 10 23 -1 -1 -1 18 -1 0
9
0 51 -1 85 17 36 -1 72 37
49 0 -1 13 -1 46 27 41 98
35 22 0 -1 30 85 -1 96 32
95 50 20 0 -1 49 36 57 69
77 -1 48 4 0 38 86 21 15
59 -1 56 44 96 0 94 68 31
27 56 43 11 -1 63 0 54 43
27 38 76 73 5 -1 45 0 38
41 51 -1 67 53 65 70 47 0
3
0 -1 96
27 0 55
-1 7 0
4
0 64 100 67
39 0 33 77
63 22 0 99
39 14 13 0
9
0 49 28 56 -1 64 -1 31 86
90 0 77 65 57 63 30 -1 96
97 78 0 74 32 -1 85 23 10
19 92 19 0 80 79 97 63 6
-1 15 -1 99 0 6 30 42 61
84 -1 57 46 49 0 83 -1 78
18 -1 57 37 31 42 0 33 61
3 77 -1 29 -1 -1 -1 0 32
38 99 2 -1 22 -1 7 -1 0
5
0 29 43 98 48
68 0 51 16 33
14 65 0 -1 100
-1 20 78 0 41
88 1 53 94 0
9
0 7 74 26 83 25 -1 77 74
67 0 -1 95 21 47 48 32 -1
44 22 0 56 66 49 4 71 96
99 -1 46 0 -1 45 12 54 100
4 -1 4 -1 0 2 13 72 63
7 -1 78 -1 40 0 -1 39 81
20 87 -1 81 1 -1 0 -1 32
39 83 100 24 -1 5 -1 0 21
31 78 -1 -1 70 74 38 -1 0
9
0 22 22 6 -1 88 -1 38 45
-1 0 25 24 27 -1 17 41 86
47 18 0 80 -1 14 18 58 25
36 5 74 0 35 46 12 32 26
26 46 4 45 0 30 83 20 64
35 -1 3 40 78 0 39 -1 14
36 8 84 23 75 99 0 53 -1
92 1 91 94 -1 -1 63 0 82
35 60 91 18 23 84 57 14 0
6
0 85 93 16 2 15
23 0 42 62 88 83
16 11 0 29 28 -1
78 17 13 0 -1 32
58 58 -1 -1 0 27
53 19 3 15 -1 0
6
0 16 -1 74 35 49
-1 0 87 -1 31 69
-1 -1 0 4 44 74
-1 72 13 0 88 52
-1 64 67 49 0 65
1 18 45 61 67 0
10
0 41 4 20 2 23 63 11 84 16
-1 0 90 11 75 86 7 12 92 69
19 -1 0 56 26 46 29 25 27 42
-1 93 56 0 100 45 -1 -1 70 -1
86 -1 100 13 0 63 87 -1 60 9
79 75 2 53 24 0 27 16 31 48
60 40 87 12 -1 87 0 73 40 17
48 37 29 43 15 17 50 0 58 45
-1 13 38 61 90 91 86 26 0 72
61 -1 36 14 -1 96 35 78 -1 0
1
0
4
0 72 -1 78
68 0 67 77
53 74 0 71
52 24 14 0
6
0 65 80 91 4 72
78 0 -1 4 18 99
62 -1 0 61 99 61
73 20 33 0 4 98
32 46 1 38 0 -1
65 35 92 9 17 0
10
0 36 4 96 39 -1 75 81 92 97
63 0 -1 4 18 74 -1 13 -1 78
80 -1 0 64 -1 68 41 70 65 36
31 -1 37 0 1 35 -1 -1 75 26
100 -1 61 60 0 88 34 -1 67 87
16 89 67 64 89 0 -1 37 58 24
-1 -1 77 56 26 56 0 29 1 80
95 20 4 14 46 8 17 0 5 13
-1 31 98 88 -1 40 -1 85 0 -1
-1 -1 92 20 48 3 -1 47 72 0
1
0
3
0 11 22
26 0 24
69 49 0
10
0 6 73 29 97 61 -1 57 41 75
37 0 -1 2 5 48 23 54 78 -1
18 10 0 -1 -1 98 4 78 81 19
85 100 51 0 12 67 2 86 74 -1
21 51 73 25 0 -1 46 -1 6 -1
22 27 -1 6 7 0 5 -1 62 -1
94 55 2 77 23 27 0 100 70 47
-1 81 50 79 91 20 -1 0 26 31
97 90 -1 90 74 75 -1 -1 0 14
26 39 -1 23 -1 25 -1 -1 14 0
7
0 -1 5 68 52 69 34
81 0 98 10 92 -1 65
64 33 0 -1 30 47 55
27 16 97 0 17 39 81
-1 -1 46 63 0 37 80
17 25 34 18 -1 0 89
7 80 98 14 6 -1 0
5
0 75 95 1 48
85 0 -1 77 6
56 95 0 19 18
80 100 60 0 51
91 17 50 26 0
4
0 75 46 -1
67 0 57 14
-1 11 0 44
29 67 -1 0
10
0 29 72 77 39 1 3 86 -1 -1
69 0 -1 65 55 18 67 1 67 85
24 29 0 17 51 -1 68 95 -1 63
86 -1 -1 0 30 -1 8 93 59 68
98 90 44 10 0 60 56 17 38 -1
48 94 -1 68 -1 0 29 11 -1 54
12 97 83 -1 51 47 0 32 6 31
33 -1 57 12 -1 54 -1 0 -1 86
70 51 47 -1 34 -1 72 23 0 -1
58 69 69 15 83 65 -1 1 13 0
3
0 68 40
86 0 18
-1 44 0
10
0 55 10 48 -1 -1 10 46 3 56
-1 0 51 -1 39 -1 66 -1 -1 20
48 3 0 9 55 61 41 80 40 85
80 70 71 0 21 5 16 7 66 51
62 88 78 52 0 85 61 -1 -1 69
73 35 81 73 2 0 46 47 41 2
18 63 71 9 14 51 0 47 54 48
41 93 17 -1 51 -1 2 0 53 23
-1 94 5 66 20 73 83 70 0 45
100 43 54 100 95 90 -1 62 80 0
10
0 22 -1 63 42 41 71 52 -1 -1
34 0 13 -1 6 -1 74 40 25 9
-1 33 0 83 14 43 1 -1 -1 40
28 46 93 0 -1 85 -1 38 46 -1
36 -1 -1 92 0 -1 78 23 100 5
60 18 12 55 100 0 -1 21 -1 71
100 33 49 -1 41 100 0 -1 56 92
-1 14 68 60 -1 -1 25 0 -1 51
12 24 44 14 98 -1 50 -1 0 16
10 66 57 -1 52 87 83 9 31 0
1
0
2
0 17
77 0
8
0 39 -1 56 60 61 -1 -1
3 0 27 36 19 97 93 51
62 10 0 60 8 3 43 -1
70 37 65 0 7 36 -1 -1
-1 -1 14 48 0 -1 67 11
35 85 -1 -1 -1 0 42 73
58 24 29 46 -1 52 0 29
50 32 80 -1 64 48 67 0
8
0 -1 -1 24 45 -1 71 61
-1 0 4 5 59 49 -1 18
15 52 0 41 98 46 20 12
96 -1 28 0 60 -1 47 9
75 25 85 52 0 41 98 76
14 14 97 55 -1 0 76 57
-1 34 82 74 73 46 0 69
96 -1 -1 21 77 -1 -1 0
5
0 68 32 -1 34
3 0 83 69 63
71 -1 0 -1 -1
18 69 -1 0 91
94 -1 73 67 0
5
0 84 -1 -1 92
66 0 74 3 50
64 25 0 -1 13
-1 2 21 0 10
34 -1 4 34 0
9
0 -1 12 42 -1 45 22 79 -1
86 0 -1 69 75 44 71 30 4
72 67 0 65 60 56 -1 80 89
-1 49 69 0 -1 82 -1 38 26
39 8 93 12 0 -1 25 57 -1
53 -1 21 57 68 0 60 18 99
76 67 96 55 36 47 0 29 2
73 -1 51 37 63 1 77 0 52
12 11 85 23 99 -1 79 43 0
1
0
7
0 35 83 -1 88 80 -1
-1 0 50 -1 68 14 -1
53 69 0 69 5 80 35
83 83 26 0 26 -1 -1
87 14 72 -1 0 87 34
65 13 -1 75 -1 0 11
77 65 81 44 27 41 0
1
0
5
0 5 3 75 100
36 0 -1 87 60
-1 -1 0 62 60
-1 10 61 0 78
68 48 71 -1 0
8
0 8 30 70 63 42 95 83
96 0 83 69 57 55 55 74
91 -1 0 6 -1 11 30 67
97 88 74 0 72 1 45 87
14 48 97 15 0 100 1 1
-1 46 87 82 -1 0 -1 12
-1 4 -1 2 50 -1 0 36
87 98 13 63 41 -1 -1 0
4
0 99 91 84
94 0 -1 70
6 10 0 36
52 92 79 0
10
0 86 94 11 84 -1 96 74 -1 33
-1 0 -1 -1 84 61 -1 78 -1 47
-1 79 0 3 -1 13 -1 94 37 59
1 90 -1 0 33 93 -1 54 -1 38
-1 -1 16 47 0 60 19 -1 70 -1
9 46 71 60 30 0 24 4 50 7
4 99 73 42 31 23 0 82 53 71
62 63 -1 9 59 -1 46 0 -1 27
7 79 5 96 41 69 14 63 0 13
13 40 54 66 87 25 51 53 18 0
9
0 -1 55 13 -1 84 -1 56 90
40 0 97 -1 38 -1 84 5 2
66 -1 0 72 52 100 69 8 -1
78 5 88 0 -1 -1 87 17 35
100 17 96 23 0 5 55 4 49
22 -1 -1 18 38 0 75 -1 54
51 -1 -1 21 -1 53 0 13 15
-1 44 -1 23 92 -1 28 0 72
2 23 -1 20 -1 87 72 -1 0
6
0 17 21 56 36 15
35 0 97 84 -1 81
64 20 0 -1 -1 27
75 46 13 0 -1 -1
49 85 -1 -1 0 -1
3 93 73 6 15 0
10
0 72 94 83 -1 -1 91 96 95 31
62 0 70 70 58 -1 86 8 51 63
99 -1 0 73 98 32 54 89 98 3
25 65 72 0 27 51 15 69 28 57
-1 60 29 26 0 -1 92 70 40 77
82 11 34 -1 86 0 71 -1 39 31
31 5 -1 90 95 35 0 55 29 81
81 97 62 59 37 -1 -1 0 99 65
59 91 55 93 63 40 90 54 0 63
81 21 -1 23 38 32 63 73 33 0
8
0 13 -1 -1 29 23 88 -1
31 0 87 15 97 97 77 72
55 -1 0 66 67 65 1 -1
88 -1 83 0 55 96 43 -1
64 42 46 45 0 10 91 88
-1 -1 94 41 76 0 -1 39
85 81 15 50 65 33 0 93
45 -1 -1 84 -1 17 39 0
10
0 -1 51 11 75 26 -1 47 55 36
-1 0 61 52 -1 36 -1 18 93 12
-1 20 0 18 14 24 86 -1 -1 34
53 54 1 0 33 34 -1 9 16 58
-1 -1 -1 -1 0 29 95 14 -1 78
93 76 -1 77 1 0 -1 51 79 8
16 68 90 89 32 25 0 92 -1 95
-1 88 9 -1 82 73 71 0 73 42
2 -1 -1 -1 30 28 4 19 0 85
46 66 37 22 78 37 18 -1 40 0
7
0 7 21 -1 -1 60 -1
54 0 69 37 5 16 5
19 88 0 43 62 31 52
20 57 49 0 -1 70 70
-1 59 44 -1 0 2 81
79 5 55 43 -1 0 98
95 51 93 86 70 38 0
5
0 -1 -1 -1 87
96 0 77 -1 44
7 97 0 -1 92
96 99 -1 0 -1
77 69 60 82 0
4
0 95 49 93
4 0 24 -1
66 37 0 48
79 50 49 0
4
0 11 28 -1
-1 0 95 -1
44 -1 0 10
41 -1 19 0
5
0 -1 59 84 -1
12 0 27 -1 2
51 26 0 -1 96
55 -1 37 0 85
17 99 89 35 0