13264
911173
904048
775730
593315
907521
330789
316071
525622
109743
204280
938386
12167
764955
919835
725609
353310
433941
880578
853246
183380
339079
100900
929876
806060
890145
784849
614363
913433
878413
844796
532625
807590
777122
647001
555827
92540
756767
113932
724800
622455
408387
404520
981640
991652
570541
316734
204938
139242
93314
736528
485659
338692
142953
895903
151668
124051
597624
383671
172541
546407
828064
999652
655771
818748
525861
130273
373983
794442
558984
55332
152852
884649
963
413945
478836
850205
372784
181776
596334
119561
748627
812042
859825
484582
104575
855029
303778
912584
557
903816
558347
963574
838029
977228
481286
160690
465425
316950
511500
647823
645518
401608
120705
109462
642252
459849
754109
460505
566692
410263
414113
515287
549013
722685
786265
417356
181295
634287
794969
167486
279168
986765
833005
330277
422432
312389
631151
667164
484838
559291
545404
983291
182687
562673
158892
756218
908273
766000
765892
283421
330242
577673
320296
429293
182127
513070
307697
166297
123707
102255
343868
323792
99319
177686
21329
569886
283815
536003
747370
411877
550341
424967
933260
401286
771699
141502
742706
976800
638585
324337
15422
340564
491542
151943
333087
183876
338467
388158
444317
1139
411000
451409
269281
5553
5750
379609
675709
653438
495289
812613
234539
31468
691083
545383
516198
470310
241928
382307
38179
162552
75903
231642
58693
508862
937384
439902
263391
979723
36500
577628
534521
554539
920995
756782
947601
577200
897922
644304
36418
457236
943586
219493
217214
206599
808526
247587
786553
764632
436690
589003
144747
973638
12872
416181
828604
475202
285775
225610
1572
139907
959448
486966
421006
775759
302687
811117
807775
489919
203544
728146
626041
124872
237597
940788
444048
852949
827705
161355
133187
364099
496476
401767
627776
819018
654606
508476
395312
410375
908854
661695
816308
559096
163627
260869
134161
2547
100315
556389
240981
540052
677959
843446
467268
898552
309864
65225
870746
32493
785323
525976
797824
352487
475971
939498
148536
781855
65007
768053
553412
110877
135338
111547
247064
878985
473999
849620
907823
558028
979200
94666
737119
832779
966211
755228
708637
518802
831075
868225
2158
534205
890264
577147
314013
960618
446884
792318
373531
622764
968299
579062
49603
638394
567624
410151
888277
618029
905218
884151
200030
992005
386897
29223
609893
562087
551373
994776
668837
414848
149667
602317
972167
964493
356206
713152
746635
286707
562274
132261
798779
387103
13825
264122
3615
188951
995673
876735
341876
832953
440601
841734
880614
685319
158354
431863
155339
177654
467001
501173
108947
800581
399613
106652
141278
796546
91066
545440
183546
450723
945164
340335
439765
204001
701126
734396
47952
123118
877473
163910
187680
57535
84936
895443
979216
987210
768026
821120
37135
650256
731894
260243
470221
485178
396157
34920
882235
796507
587363
980112
764879
951347
747299
496816
391697
695762
822682
683698
635582
955595
535694
796486
837864
425696
593375
674140
150978
16050
435065
96561
764911
677915
983988
300594
935300
831458
218796
671190
970445
105479
348634
220615
906200
663297
356309
80431
421334
914975
562702
746008
432601
536518
956412
214907
78026
629448
95383
752291
474291
518375
266442
950721
479566
482030
43582
184267
77948
136109
57807
531226
760890
244733
600010
585336
788136
367458
879279
51099
954134
171897
2653
403103
627317
220153
547457
920618
558955
346907
497275
136342
574723
380036
482269
563569
256182
733707
711914
367790
875910
258150
239917
804646
537474
668908
96689
739210
783957
631786
440382
211875
199495
911986
3000
500148
692766
244290
980086
348710
973609
793990
344359
232317
172156
564434
416443
418551
413483
42008
350477
128175
66965
948504
123768
949874
380171
767390
771235
86497
938367
45367
176887
879727
465532
373178
808185
781067
162861
624024
336559
574470
968716
984250
218711
663699
312928
204772
293764
380360
903159
149536
819851
758912
754361
818355
697092
112283
180178
650001
249937
643586
13159
323751
94073
674470
372747
771173
568065
108235
814224
433271
472863
682171
852174
150124
406441
521876
133142
384208
596588
379831
456305
717142
850660
491708
473039
522
163799
947318
282272
883760
980686
375033
834966
865871
5185
896053
822525
566068
651885
626919
96234
223228
465412
606711
60961
912751
773883
319110
620462
606782
790528
832511
51060
532004
39344
32062
735053
590532
808302
416517
5903
182335
396606
428002
153190
330676
495053
584630
394839
12469
766337
444114
507354
157094
3468
271696
927504
237560
3072
905664
574296
534017
487004
719993
757151
147700
626855
873593
295791
663637
127812
81770
198944
154815
996375
58382
659900
445078
738825
477440
741539
604049
777456
781504
280974
86389
756010
941704
124074
114609
24159
220697
987140
581401
238569
200804
232841
855870
544440
871996
620085
724181
839615
892006
940283
435924
355029
350516
819081
271315
450862
100521
506178
523659
858394
994451
909528
713986
301563
404529
741644
377520
145274
917606
733319
328146
816951
722360
378644
182800
910291
24421
310255
442750
814983
798681
501131
333246
630966
730859
553298
195126
806623
843218
543790
164656
133501
180381
6978
836573
727075
735205
333111
420531
552068
452325
406820
786872
909090
703034
282071
76069
8107
540374
872257
913848
793855
344291
824656
665617
534715
250568
802679
212724
971996
739736
14499
554288
869158
772535
864630
218095
539346
411706
342820
610684
961097
90280
484878
650286
363985
219477
502157
294205
245822
763555
63214
92235
135504
435994
125646
62426
929613
521556
445268
792935
718629
891426
802000
668033
729641
933637
719445
905986
160611
579207
59567
875284
287436
796947
404503
519013
892024
824820
216911
510807
458993
396246
210570
494400
737916
5855
624530
407502
301527
425899
696266
522237
601439
346283
321565
276465
18545
728848
495652
642984
883557
277363
123005
419396
419756
99663
264167
864101
830902
614053
919911
694941
323133
773108
485357
255130
255732
25783
636514
981957
391207
624929
955562
674019
113376
210669
87250
282988
626384
889863
255010
910568
99746
450112
584764
58503
114069
96170
546308
982909
743442
318517
695949
663029
598517
29708
600472
841160
495909
642606
347411
444292
67248
995308
645264
978391
362188
772184
222898
823249
180829
666399
736151
863936
80657
880536
631558
395440
672789
943745
822015
734458
891648
209560
504030
912569
727682
570366
82475
522352
932891
496413
29395
294781
632491
528956
517271
355271
177536
267559
852516
472820
272394
886458
916202
253733
911913
582514
698224
417857
763936
860771
534520
371306
631725
119507
606191
751765
220101
612079
566035
208878
277390
194816
812493
128230
135399
962480
349401
945149
890482
993947
425496
500788
503247
10889
874119
617721
297743
217701
513743
489180
186776
539275
696973
519762
464043
812209
434612
362419
382342
941662
175561
59201
754928
734946
632875
252845
402139
462422
717447
317188
896717
1609
787223
300701
86564
15341
374222
763081
409240
231230
145684
460228
874671
92196
555334
133293
628635
348743
297050
396089
75746
94857
448136
470957
112660
520
47137
11011
805749
541254
141406
47026
573037
89294
359216
530297
241000
776512
729074
996802
676742
185105
256968
106065
490112
518603
458200
726395
415553
52842
700461
116935
665451
350732
2299
670803
268523
700449
734960
792033
809966
423566
38709
906820
442326
523063
841855
521289
205015
715482
92568
253387
495464
830451
425732
773439
284156
800518
875508
933865
810195
902875
868277
717468
513415
472327
717472
606709
1211
901027
584385
533022
972668
317927
726067
191090
94785
271341
725841
317268
900368
672016
383271
501432
445509
668663
809274
47727
994976
310921
436435
561650
936588
485846
330217
24072
877496
550662
936833
180158
837231
292950
690191
643354
123219
305056
771774
315159
86682
393588
552538
681830
422268
837796
618241
800391
339050
97230
518452
761541
990918
50252
530005
422887
158741
950088
421853
336983
499655
767119
537168
507142
921838
785907
445535
613115
327196
61964
570896
433965
405086
829715
75286
694781
212547
466368
375258
3776
769533
192112
427347
213659
2713
97162
209768
336409
345240
443281
297978
315245
298695
191162
357817
745727
782503
38199
965965
148173
224890
110041
325117
342653
706396
322832
60690
370973
980793
392118
364645
562000
851353
730496
366352
782945
130594
583017
980787
245763
81367
480347
317549
286261
960362
427037
858744
220202
551804
600426
837724
401693
478258
631956
118850
595014
511734
499503
971509
305509
164173
15915
412579
377267
19980
9651
922647
528878
985739
179589
760306
536426
774024
370180
549052
78683
324398
319214
964574
127155
255628
7171
288225
9518
176313
239133
451092
106124
777307
329936
850209
904897
922103
591076
715993
261736
174177
891092
84862
361215
288211
533001
866383
393460
980644
798050
713932
720283
257552
596432
183109
985888
942029
25649
258625
138607
382591
406970
260995
497025
457496
815753
100875
90529
328698
265598
683361
770526
211868
609646
137487
182297
883381
117155
88312
695754
635570
348564
753367
262254
70954
908587
87836
615179
757010
607034
373565
90645
715705
2225
545145
824192
480531
554200
20240
304359
853061
56393
784388
723304
696261
840194
691245
681034
52752
73648
753918
289993
49329
188466
47839
346169
82274
899823
665422
357905
206007
845414
945955
627077
362583
90487
570746
87080
970034
189898
86120
449702
138025
449255
269341
946040
598857
373039
396828
51732
806005
875556
870290
951093
882619
563218
756082
161758
238726
876987
883406
279475
326246
590178
355679
90434
479444
111409
553539
97014
943745
809678
179843
563614
622019
576014
760898
418812
813326
297097
437219
496591
886681
739427
356984
461225
453105
603701
546062
173990
554982
182936
732829
154639
32184
2412
769628
288735
947497
359642
934604
297741
229885
357847
98838
522455
460437
876379
272305
952669
240453
943907
455129
160092
546423
524331
787591
297940
308942
257203
290745
446997
458752
386976
665075
843364
115738
618075
415822
215665
838923
148986
274845
842042
22983
869319
969828
585808
735245
877809
878499
810089
706230
894209
439682
29490
301760
84702
784155
611803
931573
473118
31421
767064
671587
48464
89916
845225
222887
953511
514525
987916
729269
828679
621185
889831
779187
337134
288798
818410
296112
504201
982568
241059
187495
877674
997376
653283
396897
21474
656863
474009
606456
445
352354
244993
311368
186563
583877
965040
293537
229969
72620
207982
830077
142509
164268
432637
70181
726891
618953
636296
781255
31198
297026
504617
780918
532911
90206
2447
841739
305062
173470
113208
337953
57739
878151
927928
483773
459832
405306
111764
325190
318821
643184
106337
402824
334399
338928
120007
414940
357507
87214
39617
491133
170175
338060
165704
479636
959549
924426
79934
919023
199964
288435
729025
116759
300909
558307
89993
742755
689681
296362
886511
279178
540990
677766
125276
415661
583033
693734
153229
453618
182710
41484
844015
251163
8121
327830
254618
997573
733824
688621
939562
929091
488803
922958
947202
941800
808659
648132
559186
979895
34441
764671
2190
310736
820586
1138
691105
224033
761192
758934
596963
471249
776757
238534
368166
884964
802155
562486
654944
389609
238071
505349
868260
3034
166592
2375
1453
670049
332533
345200
824821
891815
410321
925361
36930
49533
689676
462006
128082
873837
595501
103192
784705
725810
290210
425891
574776
86436
705584
263321
259123
768631
27541
311884
749998
406038
99873
511856
374387
362432
503412
261414
807792
975981
445174
655631
737718
490676
730391
985881
920498
515319
160665
308260
597
17423
72247
132123
502895
139836
320726
921503
903160
189347
629823
174336
691710
593636
102701
283932
956217
265665
74671
483813
755767
769128
999406
440330
660092
237538
505541
106631
977723
288099
202810
489967
608
623388
167670
282474
731525
672523
386561
16517
778913
654233
893022
167860
347499
498948
985507
394667
392003
675316
899932
788781
58791
455375
244213
281638
871284
431837
379804
278145
406461
381861
851994
938571
249839
844793
402451
133537
895029
607424
333544
65315
260531
829787
91147
3313
861746
799808
745843
582529
388336
279376
362742
204798
476920
792656
187810
516371
513600
309713
414218
240166
974510
118089
719108
673345
676473
239154
73353
594854
257017
1101
601782
315060
668126
592520
1924
114729
441347
600293
91225
548382
203824
701404
642874
786933
640045
301474
674483
368033
156996
625283
772155
597982
848675
818295
82227
383205
364815
312093
928053
571501
463828
69168
497238
124844
606346
286544
18057
200664
476156
360543
482437
362715
640849
597658
709914
971510
917530
64030
157464
130167
499254
299011
668379
585429
695938
805855
65613
1216
950928
841348
156931
372
833076
310573
840980
611205
716214
425764
125560
991411
63359
286359
402490
960409
801277
93021
275546
237849
235341
529141
688986
743857
855609
744176
864319
733158
679920
948172
862145
346767
154983
401213
301846
892115
163200
459902
612291
970092
693
179083
730570
604929
535965
770918
985686
343353
738778
478834
261442
247274
418595
147763
854424
812182
619064
797611
708110
362349
679957
355716
484063
99960
561198
562207
925077
772557
210534
364307
72439
716546
655050
595514
204582
110005
798818
338156
1921
521310
363939
125383
695810
4749
686286
523270
856589
580191
17132
117408
1025
90200
553489
550704
88372
614957
491464
228816
289486
483200
202582
318285
675974
408457
867519
444968
997890
935395
934859
2980
225225
509870
11293
386531
2298
78254
173964
789080
721235
829038
831700
971787
832193
542284
332779
853875
777357
353869
602335
689096
935248
370848
227472
1848
369468
68285
347688
741939
142964
882051
840809
426883
578141
389875
347675
589229
478259
383121
703356
225677
53838
699764
559720
407047
26860
811791
646591
407045
449
424774
314483
28275
75045
742754
105243
184575
387176
516184
720338
685864
646196
718809
953701
803361
989264
77979
245371
577359
741304
809335
648478
802974
618045
996691
863698
626920
275616
309327
664532
233977
235601
713894
998423
732224
150307
747379
939176
588246
420677
124266
166040
844749
502314
722452
487471
516618
912071
575371
80518
51615
940463
25219
560192
623274
797102
38636
29195
937692
43922
150422
125464
851241
448006
354681
802122
465767
716004
929505
921387
632756
807369
311834
608931
966270
875101
652750
119808
617148
24220
716373
542346
997471
316259
290684
262233
566925
424932
816250
954215
51944
277432
811018
125045
893335
798010
899423
89411
939138
320291
811794
519872
137664
672354
175466
778810
161279
161162
198091
768778
948627
817984
551573
770441
99489
455806
494995
904566
470642
248939
384215
608375
748178
755712
684337
161360
286449
116165
307028
216346
2227
555226
164828
837072
820331
221571
762433
581583
397262
874381
396876
791459
404897
573431
298295
404687
590018
590128
817193
858383
57011
639742
157074
806035
656543
590969
236162
154635
91976
285264
414283
776441
372966
816331
21349
765552
147541
774778
733854
425548
584540
7264
242525
548816
149724
325792
792418
599009
210883
306819
349545
412
821980
147747
816099
4079
378406
281791
617321
257283
214684
862167
800597
148781
917448
774917
975883
970042
69983
312556
761620
934865
935068
69917
574741
194350
114641
356262
207527
675996
19599
397204
220789
722089
488292
165946
32428
337914
646123
149898
270519
13923
64631
53343
176466
909029
289905
133160
32794
185190
448145
672376
44863
663790
649833
852074
729403
256010
592643
446882
724692
462702
461886
565532
60274
831379
533845
540080
972641
491067
566572
970229
226577
965522
594208
913381
134945
637325
573944
87483
388654
404472
88454
192188
618854
87197
226426
38048
166010
566027
601093
296617
498621
251765
22275
242147
192607
395231
970804
237261
952685
250167
243155
699668
79780
3382
641351
885995
185042
542201
829556
401201
257823
408146
3234
160853
90691
629090
436982
801650
576668
414653
904010
738627
685061
12079
245228
616839
740788
265362
210374
515688
306448
728889
476723
204818
24248
271927
182913
570111
373686
273297
327340
470196
324774
205932
541514
984713
825643
442318
998795
382684
217937
771184
668797
252845
688754
611860
103590
716170
885335
1687
196753
454805
574091
849648
730883
32276
3539
426488
628322
849023
723480
25207
414556
94367
440089
830081
829677
848239
986821
471629
836938
873909
344817
755297
222281
788726
167901
863950
282372
410289
158724
331756
248551
477260
366926
852427
265658
746688
773617
666721
586264
639348
216868
972236
959627
642517
83911
479471
282862
868901
610384
14731
362540
420522
188236
227239
465159
672947
744464
243035
115078
579322
921690
213629
118075
120855
762293
338120
806742
993341
624318
943676
174805
164772
27584
921045
219
781746
789022
123307
932630
863541
956221
555867
185221
158840
328014
238091
216510
477325
512500
797188
512708
610820
286889
456599
610250
412425
573663
253860
323486
19415
180203
967829
12295
384950
2849
408870
904667
335359
804858
774905
110204
922348
75534
20371
56238
405852
856683
223541
908817
365490
717101
676170
127925
574803
89490
877898
600731
116782
251869
230239
3693
17776
342229
993682
882739
993473
151125
9090
105073
72033
349732
192465
537630
881310
411275
981390
431411
299132
686487
61283
666671
538606
625059
88282
636897
710361
892027
206694
264784
528985
327598
118345
396680
546041
400518
89068
435283
494534
180917
526641
642907
953076
466307
748581
931173
510843
356997
521703
432764
227095
259568
263283
331320
147440
499898
516005
810896
199820
342087
69694
962494
237738
196617
364831
675552
777836
513879
991859
98081
988271
213760
678838
857455
926307
436940
190988
690358
208209
971282
741763
999060
144083
994534
838021
256760
630014
783992
561343
205710
919137
204019
918090
832820
445299
384963
764741
130935
449163
804567
396277
89819
321672
624968
239476
772796
564385
719016
931211
826964
303131
18483
990
40117
382933
1608
402245
469620
130133
34629
205880
799256
949951
380885
343388
930657
432611
233623
278355
317107
536795
644465
492095
697249
392927
124851
640670
701459
621433
485987
111177
482746
13185
72995
915512
589435
47830
299849
870548
465261
687
263483
51409
343494
739751
312108
900157
209199
250209
758616
507901
860008
852572
235950
69265
686835
768467
571307
206805
498729
987444
199144
615283
652555
609261
649907
832086
3652
508270
957420
441498
766827
15395
582260
529871
131003
387003
491177
903260
702816
332660
188323
196535
431608
445791
328630
192295
264309
925914
161412
200995
482922
210760
653482
764938
762022
616094
965778
675090
451950
761744
495735
207409
610446
161785
787938
649726
958402
147184
359442
140077
93280
402385
266173
772134
412812
129017
167530
73470
11534
473267
964360
352307
2895
836159
523752
208500
745154
944027
441105
876639
311567
50941
3691
736445
157361
293297
368383
375596
899365
599268
990883
311192
241595
56183
133287
156128
506087
298121
726077
188622
130054
819247
424976
876254
804047
243626
831776
645796
933759
434408
101659
986944
273773
792003
209460
243880
118916
420981
796978
920682
115283
112382
9481
764196
626896
536583
373343
829866
418882
83233
965467
1377
3689
2465
526718
723895
768399
938265
968856
609591
415828
444301
146357
537861
418444
987434
169810
77829
65550
949078
591616
487254
847457
256743
319853
879184
774028
247051
169862
685704
941339
351480
905489
133130
563600
905867
691580
712
6187
843680
375948
921513
586254
961175
86252
881592
872854
143851
170347
675337
540307
571858
1177
443210
553787
931236
87391
617523
47997
891524
787003
14093
52182
701462
721930
113546
635226
664764
966368
655769
94341
63029
492161
210938
938845
582782
570843
560
295060
900280
769375
846917
323926
132714
144833
497191
921215
853896
627269
80860
117784
64750
292552
907326
176601
951288
31413
459721
216470
161680
505502
914529
509670
9436
210623
643049
906336
31199
451876
590466
837574
216485
134305
686654
48286
282232
307652
642869
397203
352123
820145
886768
454164
893395
914848
863422
991935
153930
654060
412399
600898
883750
157855
449887
836665
92655
132626
173438
218054
870239
886597
373796
609216
179074
762412
869876
632472
352707
425782
102297
174033
894503
596884
321224
244757
222557
2774
516186
933707
759901
20268
723660
823352
663978
975389
571568
126951
355590
724618
894037
640669
595343
799914
855915
101680
916918
803918
242937
756060
543316
910302
482782
322333
829528
224400
494334
447637
475578
336536
492676
501348
635428
457306
256071
446794
852587
52247
896864
722856
644179
607182
881517
443795
461844
935300
117832
17096
897677
847194
394655
605840
183415
22553
550864
203524
148234
426495
262663
982110
400711
921672
497501
438760
932633
366530
937079
937711
546496
209694
256373
30107
168302
89487
1062
189487
349839
684897
734703
385984
10154
189819
890472
838643
885413
170074
725137
816831
687072
189365
630088
438656
636719
574188
180410
128162
220893
256899
432820
698662
968208
588821
3898
83447
353556
340983
539011
971811
249357
798020
690009
620220
826478
978321
60333
306856
803393
407387
840487
825211
885487
686519
127913
837588
583874
236244
945505
553742
379618
416639
470233
881374
382334
273390
324807
633451
353521
872469
107808
920769
740169
284033
753477
737607
967408
3074
991680
749150
396630
607172
878260
600752
452423
39163
449273
770437
879685
698750
591895
342627
144045
634954
942785
569962
691248
608480
367986
248187
849524
933505
625870
967815
635140
193932
780428
105999
207297
231733
723561
18940
227301
206365
657369
265281
296424
378446
694637
819350
327265
1763
199895
174299
107095
132585
405512
635276
398842
658563
766079
576935
612403
45052
187978
596872
711869
871718
677843
507750
977924
366986
172504
972741
74078
36201
117865
881569
219934
186367
479021
646046
422799
677043
689873
239705
12947
10516
421470
184878
870062
90034
799448
68220
952267
596742
301715
204187
705028
228209
915639
935155
641374
16158
527654
175588
822814
201429
398819
991956
484
59878
731833
678353
35688
111632
203630
489117
117277
540056
728377
869747
494347
31027
661867
368957
69212
388267
376039
437656
754
23606
265906
825493
391025
285097
69782
102158
397022
59707
708151
850155
856526
574329
391254
143112
88585
302303
3544
866716
266357
322051
949502
286212
964683
652182
911258
238226
144103
212462
183224
733347
677333
252583
292905
989080
260532
831113
87754
573502
814377
843106
860964
205297
834143
497507
246055
639220
237572
298000
339383
861181
133259
519174
115823
788926
807752
285728
884824
9284
402242
837261
657080
194160
731532
87638
679854
916118
952535
723968
63107
90983
357574
784683
7170
648005
277599
752953
244719
993384
578093
597261
143276
904507
441161
247096
989092
233817
535167
5413
718688
825412
996317
917810
482119
265366
580341
147650
388655
700862
303529
190570
504341
775696
507145
273048
591664
80710
992981
270788
50385
304882
418329
79392
916090
553114
297294
520902
902036
218888
125754
503498
441959
354164
384615
545680
537511
530454
263457
843865
204856
3231
541922
821395
326029
43416
789406
28247
491454
258454
960642
74820
926707
736663
516996
758392
61141
42910
872084
754068
98397
463707
574692
488215
379000
108066
906385
850017
483606
801569
110861
768799
457089
697611
787575
810149
410005
157276
756077
226592
742844
717754
428544
571725
900907
104866
126050
552930
317998
493693
594156
733213
479054
932335
285512
833851
118501
975046
382133
970043
212609
650943
202689
597988
70435
295916
476518
856610
250134
966730
892404
298026
934261
642538
125623
647074
502711
117576
68381
847612
723835
242931
658550
921573
434618
969976
29923
291087
537711
644219
784869
673185
115476
72781
2411
616810
572031
756928
965725
342347
354027
251912
540008
599911
361008
367815
321761
251602
297157
606288
913447
935051
586540
796208
671948
275950
126977
29922
734553
609318
870949
62547
403305
388772
923249
529736
550510
336
724942
667424
184822
514919
945147
584042
177481
794960
530434
34768
149806
884219
577461
845959
360089
940353
500976
927052
762493
528245
999873
272875
468947
876023
960202
564885
206765
14050
637915
311087
68593
402843
500103
395858
218437
286662
160035
617929
354834
825689
551094
912216
571471
572672
260448
672650
360062
92439
504301
99937
190914
120181
658589
706034
536460
685006
730278
303902
309229
675403
181050
188300
551390
533259
289175
868615
212687
318438
346855
674901
366859
925123
176064
974054
545324
606189
394344
600164
275725
293137
749207
322742
321390
602535
317464
845559
243629
636641
380108
231100
766304
22500
387231
795780
857127
133397
477518
812
896937
728682
86899
160436
152143
751656
393411
255737
229507
398617
889559
610162
594536
601413
636259
835563
2142
551013
57731
125686
178731
40922
717878
911296
519347
704928
592848
899109
136045
610647
299457
415319
494330
617364
513547
589444
458937
95737
93735
527659
471869
992046
223789
883876
246294
507211
984761
841189
982015
352134
923338
343497
167907
284586
555555
490999
974594
568669
265815
592161
24425
148890
217975
146184
843859
418599
143036
827650
444835
550536
211732
251962
666768
391068
880411
696949
322098
53020
368026
281380
210741
243211
211272
743679
257562
466059
602969
334531
2070
729864
430439
327212
448298
965883
785840
261409
456844
422516
583328
920080
857247
489502
183484
465441
382795
731500
436657
634305
484236
797265
729124
709175
35752
929676
547005
314748
491463
91199
635338
493168
539211
248010
656317
646492
997064
935874
63218
226969
958193
3386
929263
555421
464011
165009
479541
489440
564436
210871
869199
562763
557570
957592
217163
785009
329278
894682
880764
117795
618957
317481
963407
44043
298064
37863
808939
694054
781063
113168
377831
212726
3471
755403
20276
265327
777268
715
705005
641826
505799
350146
49225
843151
272331
287268
206586
442646
905124
819018
498764
727426
729439
572608
501328
684149
543869
235187
353687
394713
459146
219273
564674
482578
788355
739859
1794
271445
223705
51170
282039
621590
305838
483410
977644
163937
483758
585342
248886
36245
524502
297954
215733
942420
204042
477899
431847
911586
816227
763575
452343
48887
104048
471055
161004
845322
681060
120571
282612
659411
89166
550004
446587
618702
128491
2620
286767
611050
681905
647238
98119
415008
663759
360021
643813
855008
207484
930701
332974
637815
814549
248784
168847
684278
253160
87064
82308
45076
363212
588923
2140
30207
302305
953882
978713
492922
351422
718670
794003
196328
829160
483208
718062
191309
988998
686268
94808
39608
728119
522225
341777
66580
350152
393293
219601
247096
2073
999740
437569
23501
755743
864584
845370
428207
608850
457916
692355
941599
188982
755930
12491
399596
427781
839626
496634
795151
637350
164090
366323
526390
871927
89827
336121
907908
246355
17192
839725
523738
334585
761229
552114
640784
2998
732131
217008
27732
360560
348375
816103
568059
765054
670710
369793
342504
233191
603776
836976
386837
856314
738630
618814
366355
923498
760457
906055
795896
874879
991432
811718
782649
241650
911741
381160
709825
839697
157816
971102
871622
832961
837899
934582
214426
149176
495584
703039
689961
424746
514744
741361
825027
831262
942854
63718
447628
571545
163507
757470
353735
270265
831598
91322
793839
738671
960145
763196
872826
209718
150731
195261
440782
555852
536791
355683
867408
889031
435994
861297
400193
58649
111013
237696
488163
80439
272206
223288
872935
139154
834187
599413
296190
133345
660884
422575
797553
625729
193873
171078
2781
43075
445490
737635
264065
270578
231784
437850
394983
327016
171731
613307
752219
504210
737571
628793
103238
305471
949137
680079
30882
130769
426862
442413
934461
895224
912138
992188
85407
402742
811053
969552
477160
684279
340980
160406
533132
191981
235226
515346
387867
581081
748614
76794
573798
348959
192122
467547
573146
338098
173709
591952
916891
269004
132897
701975
878248
631806
458188
735535
227599
672863
90199
386695
603283
993154
411964
611707
1175
188009
286891
434582
10933
950556
273713
773432
537358
383618
163986
555138
262389
647867
478741
389048
227709
260156
199777
549001
591784
151953
413347
333555
985428
651568
843028
340903
927354
242599
362318
384549
709539
170133
935410
853678
466124
760124
693415
519623
529388
630416
952943
909037
695493
712572
891689
448
235729
109735
15132
608325
938600
486504
500492
405047
83934
216062
387484
488588
957543
25746
488439
415012
767467
555284
289483
511900
834501
219685
288971
945953
450432
643239
409513
139780
330300
908514
982738
357132
25904
871619
662524
4240
84429
979987
42870
926906
791890
729335
251387
983297
492400
476552
790569
951283
193710
343399
520093
491263
220241
469901
742734
72806
157837
217243
49193
977533
655321
878218
92638
634147
1722
8578
187014
41936
55525
370241
480632
658671
629074
247684
427997
851503
225676
135946
930222
758257
457832
952124
3273
19843
166584
51714
775336
657407
448614
420381
207177
87739
594877
980637
431682
537941
78953
596991
1831
404276
689927
954424
63435
516632
693242
14709
679633
127891
398687
494807
388925
87268
847194
391808
894046
796432
221310
135703
348711
198070
186932
650304
37110
694430
700807
492197
913265
197601
707894
425783
72720
660233
853817
297265
541204
811153
20244
266083
832331
449601
463505
761465
684650
305486
922525
733999
205633
684638
235746
982315
925652
129634
518724
181258
624558
957332
379263
215415
369030
556677
611727
120400
424660
834236
896557
740155
890445
89236
804988
212450
526261
934827
551176
3540
589071
41683
791452
846480
190804
95835
39512
83462
270569
267928
972347
549765
338953
105815
362084
71129
371
811114
506586
9864
472043
314176
166879
44930
546751
313760
336424
448051
509092
439672
584719
887054
184936
437105
264079
135502
233192
757893
906784
889083
27604
907523
639073
347214
750096
109902
772541
916281
159019
954550
255011
749348
275350
356708
53628
534227
987993
577326
264154
740263
746990
647697
346575
834417
781728
210057
591577
797121
45031
286585
75827
626430
274926
345223
3502
390754
3430
12811
690840
901715
553940
84692
139002
376106
421824
865685
923644
88354
929938
168181
503981
612432
68010
66888
742798
605879
414556
468482
824324
314104
758619
244779
963222
867872
1795
495945
965733
463044
80727
83658
453432
931330
609388
102649
978423
927713
447025
522321
378452
997294
968422
600638
371679
356122
614340
978030
318626
639140
364937
830325
996133
738217
818555
78901
950768
742169
868786
35245
745903
447934
486121
445674
788479
903643
156932
895738
780139
305801
408562
424656
736559
317243
925233
462806
23510
830943
648235
190232
430023
778177
995792
545239
231003
468477
230085
799242
302327
923707
681609
500357
289577
973608
255733
497632
408491
934935
429827
762961
102519
569124
833138
779399
831910
1363
720669
140835
736521
1214
762719
740981
782736
564556
250239
716469
649892
106608
838019
284901
670475
318320
2228
573821
963000
122268
438547
190642
391292
22332
392589
223431
547640
148957
204820
573521
597832
365573
960541
488360
551513
590649
3076
816605
159951
535838
716328
674419
126347
896650
807002
623591
292705
968394
920556
830335
347385
766226
32658
733675
82241
855375
791920
825999
741627
60877
124620
802104
6595
748240
368512
908631
192034
584397
959983
795687
712026
562393
247317
281620
17753
241057
996465
290260
210833
550600
336040
964181
647660
786922
980962
994322
347253
370743
146670
484289
476450
466554
45548
523229
712758
996111
479650
523
581564
971051
58308
356995
430398
160816
121907
315118
444227
214737
561582
788624
459633
494667
384433
76487
112396
450431
856864
311492
732914
219371
519136
712468
277122
503789
289529
83534
728864
633982
112580
99249
127738
344215
922796
443780
420233
415009
849698
867508
357000
363807
593343
536227
575925
651632
588793
550779
163486
971267
165500
290639
983864
372918
435913
593691
164365
145910
158132
112046
72113
705925
543151
4791
68534
292750
896492
918301
242938
888947
237941
447170
466186
21659
604439
366671
1721
580010
756225
224363
185681
155011
217678
456097
694065
347836
602460
626693
528937
206393
948901
20835
637473
444074
485030
174348
395679
275342
244494
623238
899382
227675
433577
159590
953
14565
26958
222441
230678
509655
469303
828204
755782
306039
510184
908042
372022
575275
307693
821807
220343
3543
134059
869665
101412
418391
23184
56236
258236
337186
319122
289394
612817
254096
65389
50694
962345
603603
762961
231187
851315
479297
244556
202649
589450
340742
432862
914971
930327
742461
171251
948287
651595
202091
958326
782092
361101
946544
631306
918091
612106
2885
887422
972401
743113
125043
865804
79072
905543
417983
514728
401286
983677
774071
196739
371350
931300
3614
51435
503777
574303
538097
174185
668747
844759
911811
480895
981303
988427
650981
763249
869059
441549
985785
414144
750499
660389
465600
690151
900760
797523
422834
343479
601534
807522
361198
562369
170152
123546
212347
930922
652060
206375
58480
911549
587099
764723
631592
756684
838552
35527
266258
880657
956706
475934
715305
437034
64521
64141
361753
92283
514997
543701
486225
349169
201345
144343
507726
763172
215299
615038
620129
17923
580731
781748
563710
680654
625857
380261
931094
469250
705571
82107
594417
365070
676688
85558
958208
360669
147400
919244
148464
13058
621895
97563
400900
203933
725480
793930
33541
444225
912009
565907
799676
864852
51636
61218
295784
237537
87611
280314
32862
665562
795101
114753
549759
150392
432958
111165
758658
463080
856893
803646
407334
860873
952753
913792
694257
856845
332932
590644
278807
820335
989062
287562
181332
623836
66147
432920
23535
808630
94532
536189
502600
817750
571448
394957
251568
588922
708983
947812
741756
624692
750166
704495
710311
535290
717866
720199
314660
844006
490762
697616
573224
135559
361094
913127
532029
987036
928097
859206
156392
968741
200885
848254
58452
839508
112851
891550
705959
239075
218687
661288
538097
437872
532733
648090
356694
665971
296766
295744
398051
797768
714116
620215
332727
284056
584065
204080
230128
558114
242470
301402
454722
858531
373543
770634
813916
994269
588884
400107
889989
687427
64030
486713
554003
421283
48645
604784
892966
958385
215760
644400
545692
506620
61726
472340
20349
577502
794842
113703
226602
654850
332651
687405
548605
452285
892652
66888
961857
545863
4784
794095
876553
170557
491831
256175
247948
471269
995038
597982
997793
444737
252913
72909
675008
252372
187320
917552
434541
406885
50320
356389
520142
793939
178923
880077
160814
768251
307785
624740
846297
880638
150974
975080
361719
796987
583079
493165
274316
790020
404130
112593
80828
556141
483500
447
136221
891257
409914
696740
935528
101744
705029
719342
440877
13544
978943
633548
473359
57620
451009
957954
425097
800063
239914
329861
388488
756383
708820
655018
171871
784335
910304
933239
302979
489139
454750
694235
468205
793117
96245
569145
139956
477446
46769
514130
316577
262289
942684
733315
267718
492972
737877
21523
793428
905720
167859
671841
922046
411061
58474
359899
270126
860532
1685
50528
76556
979427
315892
181359
275407
653565
615154
97624
257974
708814
62385
879191
827538
389774
820373
481546
756094
645703
649853
608347
104773
110825
249716
17119
993996
92500
358273
256209
484929
127588
466010
685018
772865
739029
843689
906020
15498
215897
35152
715017
741698
948612
328151
618391
85151
565369
28746
531574
761501
908424
3620
293337
1063
868673
237305
782307
70718
901512
150878
419752
604476
909424
893419
2448
772094
863126
680757
248268
840190
929198
7239
754668
789486
639407
289980
569930
762335
186690
69358
285772
164206
373158
564943
398476
18397
194231
221297
388785
308270
833431
92030
384001
693872
620099
968448
969948
804677
392335
176673
281204
812845
696265
331577
943538
905533
423362
632818
827662
14997
1768
865641
426031
720964
284532
140220
11686
804995
1594
438924
982486
597265
83126
640646
500280
571250
168927
263563
662945
897526
440518
707060
1066
640678
373096
271521
346520
141379
507206
934069
403895
568346
207506
885116
959536
85460
371733
253543
792202
846540
523447
109874
757714
824465
695931
905
213658
972611
918942
837687
640804
945929
516508
630324
50792
633553
625838
990600
879827
257368
643669
442218
727300
761766
324484
448655
528473
321686
408810
143407
996306
1064
144131
867048
294713
191393
383282
719030
916657
50286
109261
775654
954238
868047
18304
190323
29992
485725
17346
553518
628459
503671
162630
910314
54149
652124
147069
18394
237514
223251
415417
635939
215293
607962
788450
829056
398714
937143
859124
587534
841960
321890
814501
261641
824997
985211
87753
840797
49808
139778
352043
778594
353885
444526
257650
809599
800728
398560
825758
265036
248542
877901
182100
265946
386786
563931
379287
238569
874626
157320
230119
420477
533222
373509
953496
157646
762883
303370
34241
188989
383160
881263
849621
134693
814359
760940
255789
165616
864766
794738
90903
539233
340079
629993
263747
534684
790289
1753
978515
948989
967991
126194
26648
574758
978892
148839
815182
958551
75253
152554
370389
79905
332147
871200
849863
304359
398873
579715
585197
430564
23232
217479
293736
610841
815411
319763
437037
464835
636687
269647
84870
197241
558426
335062
786669
932764
498929
500567
747816
631587
928856
652688
135704
872892
301979
436877
729774
420476
598308
337803
579174
1573
564980
3616
836954
992979
158514
555542
431464
283439
519811
885638
543824
828532
105974
441090
614648
928539
137656
121564
970248
788223
26442
721730
924016
622124
362560
814772
673053
279966
425974
121505
470385
972684
627450
613831
918330
434769
513508
705209
308515
457317
21398
929782
689598
2544
116011
935922
875056
447637
893268
410969
782367
2812
905818
4576
795671
452918
201295
611039
448783
801160
342260
454630
916574
658312
390199
12473
83294
880395
834014
770870
510314
398863
338692
522813
661466
298922
900472
606059
211996
37897
573395
538522
673808
920204
730441
659710
1137
572150
917712
173632
178388
508732
812654
652704
452810
895832
915685
949332
629661
923573
359488
294825
836
346799
332958
795522
370413
785358
782930
197356
253997
655283
540430
11862
792194
160328
831772
212423
653553
302403
513812
522071
652844
627084
318799
861195
930
61145
44477
384355
827275
478925
663957
892684
136890
323697
795314
871080
998559
122912
106301
978228
257975
454394
358030
489097
86559
420224
781789
578012
956169
283381
821869
52300
607143
658358
486603
536443
599
716556
741028
297755
290218
681676
579079
642576
71433
214351
840202
441083
23295
18974
5107
937333
449220
924275
126398
314811
460022
127411
720324
572885
920708
568252
762505
279963
201890
298685
743445
593977
865700
502139
322267
943976
266066
694990
473247
768577
771833
119765
29063
438231
502918
989
154767
857690
653869
847543
85491
274733
187327
619034
157015
109357
289317
403490
707445
443898
499489
938617
131019
827181
534316
736400
605602
507418
626635
26502
202318
615432
867379
276981
940456
987576
534287
702729
198647
387799
448795
983441
999522
293554
5133
26665
118312
206922
640276
301618
155637
950173
162561
851554
22775
724992
831442
242565
642410
2848
31208
73809
126862
224197
544621
636285
821053
416498
547950
567764
34888
258032
33770
142275
454483
265507
380791
39124
50514
594459
600866
894449
349724
647335
982481
929998
92116
20369
255239
89845
656341
638484
632462
704021
207309
14778
190726
3071
116504
830126
894319
943530
811700
354723
126877
215039
123865
718615
268910
983859
320437
186537
751811
314703
620524
532398
509045
710506
195614
359800
426188
545397
282915
582924
551117
806764
708639
55551
315532
660453
930111
347928
615746
102942
245953
419220
705968
951978
609513
898081
721300
270395
914213
27366
171346
104552
843407
244714
877076
965033
743514
542790
595497
146910
824267
179726
374048
527768
691000
937633
373231
737523
98069
324720
582699
386668
379947
85071
707041
367208
1670
177839
492855
933489
743827
965052
545245
632427
900618
566245
81209
58
136745
808758
764861
170890
718249
756867
684839
617979
280554
664368
35430
579899
118117
867976
450471
974905
55355
2808
517894
253036
976508
344062
877971
307267
498031
5800
66971
469713
747469
711336
904523
982522
299893
591081
129799
84627
202250
871922
866823
1604
75260
461388
747767
697941
138633
918991
67487
411295
909463
977791
19581
513614
640323
556134
924903
667586
897110
200841
480530
778804
1041
138455
516082
978304
469480
931452
694030
670957
580060
427570
350991
589668
898547
574484
2376
919385
262235
514406
353160
629095
830948
703
891050
156322
769693
214893
997199
390146
629439
167802
366729
70250
652801
875086
556337
748963
191548
277476
549311
42369
613616
524649
863531
967503
881059
943303
744941
581661
5635
74032
908464
764107
336341
925867
904419
2702
873618
126878
480566
517458
75634
3310
349905
189361
662042
501395
72486
761121
103651
1991
694549
754345
226112
509485
915717
944955
367076
516870
388478
665301
576011
98198
733849
738446
187829
579219
285877
181314
779864
188837
339704
803362
201678
988477
461876
436711
71851
3690
109257
659004
106726
105837
668194
849369
519900
832359
247512
671902
672362
143298
758191
52375
787112
375762
2339
725758
842646
401421
526660
816703
197045
483521
620043
536232
403285
356339
672940
803519
878132
297125
916967
664052
595317
875626
302639
118981
66309
911151
56275
803539
683509
429679
969489
548482
702809
458147
118469
733871
77026
156292
574454
384502
311583
422740
583136
649309
28683
953267
244859
183174
606792
925798
109882
507086
238651
452570
17019
891936
579341
933907
262523
910241
3035
943817
733132
487418
270162
675095
692199
576300
444522
367107
697849
609430
456022
208304
671833
527576
156991
847630
721618
829821
405219
951068
113659
970729
49397
240823
167861
382563
230679
112343
969708
511630
811624
914345
23306
66788
136299
338798
824770
393551
859662
479519
973011
209732
403784
807094
62182
322949
278094
227049
142870
792907
803761
258724
598067
1768
57016
896411
733236
519973
676261
810063
1830
42375
693850
548671
507146
287458
875954
209263
350338
798523
918077
898414
705976
709277
1610
786608
843342
568153
217530
656787
251128
706722
851767
840977
732857
666968
684095
982729
971310
259258
561386
725162
904
867116
347670
907560
163646
956449
782435
475314
386153
985380
370209
648763
340297
831983
94157
881249
818244
185383
383041
527494
832002
5542
617654
317504
508328
889635
64601
129907
89278
812883
345865
67124
101003
257042
126990
312383
991700
858082
177673
175271
688766
380098
425335
146271
452215
877829
699425
146572
363310
43292
170452
537759
103472
731689
427941
767595
234138
357815
664890
186286
122830
182601
829611
580703
871984
925452
119238
446
63799
165436
643097
709764
442344
402678
12829
684271
139414
744555
37021
117016
292
429331
257981
851793
967067
161276
119415
650792
892752
889197
900834
989298
540261
331878
784514
737475
550244
753135
993738
635001
868746
432094
366303
107039
468368
174658
848863
990236
244989
14402
192836
48660
534204
359227
951470
681028
369423
577797
575568
419355
837403
920460
417190
969594
57007
767494
484223
739592
279274
1307
442417
713276
481065
759295
786162
865452
755237
296976
877878
226797
326293
441507
351346
18086
37227
845348
452089
196414
613162
145413
751622
722084
391177
416222
756814
679001
232370
498227
715841
538580
172911
446682
790663
1215
239761
669452
628711
818937
671268
331622
303169
634930
28004
191755
344214
55328
695326
292671
83894
759938
582114
296075
862231
500568
967500
761613
759239
697496
280603
776430
281104
755674
756552
773552
97686
421889
163175
219264
794434
206096
41114
86429
63154
5853
360447
335257
502704
716563
824138
775970
172773
630503
693175
395848
897429
925013
183270
324042
857312
216418
879327
672297
128921
206938
95317
491807
477112
180562
411431
826759
684602
947539
98453
774834
678978
129225
2822
265966
832794
846818
9316
633566
430292
232735
333821
431501
908272
427714
305944
679441
740720
608342
725126
904490
171841
992801
148730
721337
880180
987962
359016
521191
619696
762611
344399
300695
947837
280819
85618
916870
708825
576329
532428
201770
44700
639767
870975
639788
39571
339648
397321
331698
444
326245
648701
512126
595683
677529
203641
128712
453769
200392
96760
41057
254333
452512
163485
72221
357008
632377
65128
733484
227617
807842
690965
704976
602070
413347
737486
934174
182390
54090
345964
738255
839351
971655
386528
191690
653939
624555
181860
958605
494095
333548
960404
141541
68665
469774
506030
106315
840406
432585
300613
2180
655994
553288
465526
733913
709927
140635
474284
605844
713824
2617
898655
617318
162092
688936
848377
408775
912945
225031
358314
484727
169503
41850
623062
109029
571225
626278
956318
278121
614382
960252
931267
750646
647037
72163
911572
583672
915500
858238
624362
136937
869001
633791
391202
34606
807507
524112
266534
135372
840595
23810
312619
486284
819648
690914
339031
20134
322601
559041
49440
265637
75040
73252
513069
183683
955987
91132
271031
854231
838284
749277
817392
178391
861950
956721
557334
977827
361433
958187
78059
976843
107758
269305
735644
249398
622800
939967
494959
545929
923256
703987
415128
43641
373
110941
68797
783246
564104
435428
644644
853201
3164
680220
245877
691017
356535
68494
799228
145838
741242
566141
72608
736229
946375
39015
766311
224986
886082
951244
39355
529689
41492
973660
334424
717498
198198
716765
447747
921068
680806
695417
817920
167120
513084
396831
787397
245788
302388
643716
859342
426527
817771
993855
235547
868243
392813
42007
916532
874130
327035
55934
503328
797224
422019
289039
884763
231414
358961
577134
159073
863306
526954
415426
54284
602253
606272
708628
663325
546703
854916
607449
814473
769956
377845
706523
380938
918756
525776
736816
452937
921763
898122
831228
686631
331414
922292
57889
964996
277132
887784
335484
485648
610062
1526
336235
556960
841228
152524
278249
149476
444748
942707
816321
590845
764323
993188
583393
202638
964182
953099
433166
163378
328995
449356
560957
102188
851627
330917
340871
207356
11375
392943
684391
591423
99115
688960
902157
695990
97367
161881
761062
140071
547750
166647
570944
546208
744547
742617
851392
42878
830352
2302
471752
406985
898840
367425
449292
727916
882202
687505
295048
515
77240
137293
677895
949896
609017
196649
237979
814720
907830
482410
34900
644008
190438
421993
825496
398946
400735
157881
262113
47619
265442
60858
967636
143856
445870
582839
408789
95702
88922
997730
274737
168945
807320
663526
590533
733164
130291
238355
406782
444806
369437
149475
978577
454278
888328
880465
498721
226296
170576
640207
608140
987162
400457
947801
49863
631605
1681
141511
9679
541975
737670
45949
82456
664339
335
964856
143015
88222
934480
687140
662947
3538
309013
409002
36787
55095
131853
524026
190254
923829
431443
278658
291204
374916
86055
455310
145836
991599
115649
984197
623511
170523
195699
981917
511094
79979
313293
998634
388813
699344
306254
831166
90290
501343
795968
507928
788085
741626
302547
68714
458080
748468
581006
174614
858132
696346
112513
242354
451643
963586
336949
578178
445359
67424
401337
552985
931087
838902
642566
833416
662616
538649
746950
236602
583458
323502
437005
56990
455049
85152
152302
519151
154834
463501
873993
713507
400884
396417
1174
180306
636712
265197
61245
750083
364477
383905
211220
133555
205011
669402
728848
493073
400008
574130
45367
884345
549700
573810
658921
54941
586793
692855
753500
928751
346697
184289
625301
895134
801569
624452
873933
558208
875436
395000
326754
880185
962555
818958
197322
957560
721592
5358
41664
345652
640913
235618
405237
405142
10888
998999
455921
50265
265483
661379
802442
870603
80721
870399
982642
407886
717810
131079
13753
81697
59712
286860
971057
78666
31782
876047
859979
823703
207795
356341
798103
255403
483965
827702
4817
794252
393034
220562
488688
393700
294594
913097
136950
713070
108069
306795
198125
907804
566759
548256
474823
191977
793999
922619
617564
401088
321699
511823
860934
278947
841308
645465
412578
734247
465917
450249
362461
519623
659257
515383
366510
558
980810
520977
804313
609679
205258
308960
422535
934368
820959
2643
379498
723682
33529
695993
66433
579246
610015
937851
658934
680222
955193
904600
424601
213630
475197
889921
661603
535726
661952
696497
408621
919403
252346
63986
140757
769209
442029
84796
882934
419443
788969
547104
912810
892562
902661
136636
152516
322541
950597
175111
629998
16557
677680
398404
718028
647560
850819
222444
847745
141833
915547
921044
102496
245021
467591
112911
177432
575951
10725
65372
684913
18837
869620
421441
324985
722944
165908
584990
28429
275957
660680
709092
180928
66946
593412
427687
419213
166864
729981
891861
243009
166841
912605
390244
303123
268354
76226
278136
292164
457317
48951
1228
577749
173784
774437
58817
363520
69093
23715
680366
196676
805850
727532
1994
750832
817400
131502
803958
143793
927611
754067
553435
710028
778677
665771
703660
458788
348345
33648
397149
259405
438589
388711
594908
651389
144956
710953
342718
217688
406363
639382
120970
630023
255825
279408
153199
443366
36057
13823
691117
620620
193054
872403
662313
811729
119854
21481
719095
124676
261125
504641
668475
123682
539313
463918
385229
950989
758146
766172
197983
815607
482364
86515
261117
340829
818569
486160
836215
111812
151821
382998
761984
350602
940488
181286
246680
936235
22857
684859
538885
534281
885005
976991
886855
320446
846140
748207
469491
284894
733509
344232
487731
648187
648608
101106
141329
167608
324577
151796
547115
900316
411116
616306
858957
109573
1061
405163
439890
528332
265938
323465
149426
288830
118108
604279
913793
215818
960246
718501
792106
88438
740774
310311
439018
973709
952651
174470
564116
716352
691800
436078
823443
738232
748176
43432
698564
26385
364436
952379
612101
720873
846080
418709
373666
760
174693
747173
678362
247171
886223
636407
908615
770884
397363
160992
232743
46391
469303
453016
73055
1832
410675
378169
362107
796588
932860
647690
902419
611591
570405
156714
764057
104614
200824
369940
497141
2300
5110
518455
925288
399192
208224
117169
705242
528441
305731
769349
836538
378845
955160
392516
2303
766246
873893
636212
319696
764448
684416
632626
627782
309519
661385
548870
791145
302693
923189
914553
568655
544832
646741
182983
502452
117796
835572
913085
452930
870738
70049
417132
165416
239563
72388
874521
999369
455114
672745
815960
738026
83846
329254
736400
74711
797327
212555
92759
98906
325849
739491
545267
838177
576412
13343
180556
776998
885263
951107
153401
840197
842923
13469
132338
327306
871923
376488
720752
918569
301172
378711
720994
591987
371844
310587
834748
529394
204054
792920
876199
484140
492882
924151
556926
18568
172440
369329
165541
715858
819539
584674
115605
163203
813224
783919
829503
53252
194254
905134
938958
289972
440968
620837
846935
555258
930229
67785
227717
209755
268858
313161
57070
83584
868869
552843
385918
833711
330755
902759
618842
77944
623236
713318
498074
781247
227911
401343
119414
594051
653550
689048
953438
434951
593
413789
801085
166274
153304
836447
50255
471697
415503
8894
400383
161463
2189
896181
325567
781419
42565
385702
948873
751396
852000
42625
631895
830474
733818
886074
43419
68451
902282
826775
735398
15418
452885
911280
848916
328285
41966
88764
884250
403311
519880
127473
593611
337687
793512
508216
789506
39655
116715
349568
870705
446580
999480
228008
492571
793809
187729
892113
198084
592590
366549
729579
673437
795721
346634
545690
948216
378705
667462
598
988267
110304
482216
35245
22254
229164
43577
360276
658365
995994
1757
227108
538549
821354
687775
374585
661624
442370
536196
476657
693066
130442
61279
66497
501809
146924
557288
770041
385900
905259
755
407664
64224
422
476814
68083
817953
316059
122876
692385
70936
999309
635789
592984
484592
386488
431374
952568
363647
903685
59873
796726
807184
286005
577964
497480
466711
582267
907299
738853
147234
520050
612373
493651
358876
10173
452558
551735
401001
973501
438402
295439
508109
572435
17533
57272
350872
204137
930954
543642
651363
644660
216553
621936
869797
251017
210322
71167
601195
440265
134967
275390
330161
530274
530723
33848
541192
639134
727878
390497
262088
77104
485289
58725
5711
620523
626610
310765
655162
649479
244195
464055
188094
493101
2923
626210
160858
787469
819810
988
915204
735063
370933
730505
585401
86000
653056
35229
540866
618027
951009
582125
168319
464173
430396
546347
364774
259735
525861
769101
338445
108728
470374
200332
595731
313288
129718
63033
591596
48200
118041
567669
119317
556458
616825
987961
109368
965431
71700
623470
517625
637018
16461
973625
731425
902276
889883
318305
110585
343384
512188
190210
326439
228711
894412
97470
63328
81406
473108
637345
784545
589663
756750
289672
867408
376279
94319
308361
384940
784071
596070
854944
328170
494412
895707
658320
335357
906177
402648
943888
478025
626305
372140
662894
782614
21516
606882
872748
541776
94075
350284
199656
125038
151558
725581
631334
988302
237181
853316
923246
533610
934062
123929
916633
693420
769749
606658
698510
243357
17506
939739
986678
898658
456107
291254
146529
531138
962733
144581
408981
564623
656198
44597
1834
881118
107444
245466
267002
583394
437288
635366
63538
518517
537201
157898
382377
88361
590066
990909
568895
486348
870131
320198
498825
707221
956510
256610
53607
819196
971326
222949
678313
491124
326771
2926
362706
662743
750085
971298
934129
448428
420985
623741
877847
952971
338024
71698
841862
209979
963631
873053
883841
256796
353312
113717
7647
424537
214055
356742
119799
607127
841466
793465
867090
421541
204
595
980256
988801
730913
868045
252422
444118
537653
382211
596
31191
771592
688939
488572
537193
882231
649808
367397
799188
189620
647498
76071
472722
64999
576314
940169
299344
981804
720669
126964
27944
128833
929874
100492
2850
875666
857992
329009
630574
923826
987043
345403
635978
812139
230919
77785
399645
1684
656166
444239
2450
760369
710605
472107
407949
261766
756988
320595
524905
3542
268402
49643
740207
226153
884123
213610
681070
543139
524329
155134
497261
792500
248881
209811
727849
887036
127372
310851
495895
157310
646261
433034
69879
384428
993229
63291
468404
550880
229241
539542
81031
687318
873542
788498
32846
603821
70003
605061
48474
470382
803922
350227
572694
774385
870541
237816
130178
119281
614268
95486
993853
643523
553905
87420
720079
820664
934792
290403
612804
278128
362793
298884
45971
16985
400415
809458
641008
7743
316745
161656
814472
557384
88302
687497
154929
854803
304108
176345
625916
447769
932212
142429
148770
401108
744554
406178
811552
816564
173972
864079
306026
993833
356768
197117
484723
519296
199709
999093
225704
342883
719559
522283
143869
522903
214192
686392
2014
114376
726193
302550
446849
653722
309117
699243
470057
125880
212275
576130
533082
86591
462412
760334
556947
325913
420421
959260
122862
337897
792743
495159
80430
168419
702080
258125
49058
308049
131535
637729
921335
628884
298139
594893
518772
749506
23795
274624
821457
36473
305531
704620
881627
27825
736336
659375
551694
956133
422032
163677
386538
100386
305232
23491
98634
769362
345523
191709
336799
526
838851
329915
290194
452665
701161
639038
981159
609309
276001
266876
195947
544727
735189
516776
954185
295314
427959
709139
186873
998609
694460
173977
115208
630307
114484
121022
833840
102728
54434
372979
839924
851452
976561
992225
158670
652450
534269
105831
829563
564000
15880
196500
835793
482027
972089
766316
711500
837549
529186
853591
632273
223171
426818
232804
777350
687208
784113
1992
486924
21069
312302
232503
683317
78524
279244
136829
16786
520460
856084
118014
981946
324447
736910
603568
893085
855289
393704
533841
79541
496193
375020
447159
468070
447063
59928
26637
595749
22403
531590
477189
41993
147420
614451
977225
777363
510831
47050
982009
79013
791399
121760
73712
633330
954012
321298
770901
902883
886774
172987
770001
434552
625897
648516
646349
451613
7497
705486
503841
568841
360716
45070
698752
946521
193307
154981
143872
5539
28316
839351
887970
808971
935193
450227
187611
193068
210558
868744
20317
679894
999617
743931
30268
743440
307634
172863
277736
273929
561791
10231
872645
695908
262598
468079
706736
488116
287522
169442
509094
861588
895781
403581
504203
108236
581556
171916
582660
377420
369280
625241
81722
580975
185675
802103
314700
558679
647198
655700
873379
577965
142895
68370
547212
866212
655963
63888
953560
491987
361636
513854
452772
120921
646157
894974
502182
345806
845218
687952
393670
667371
23733
125230
330925
215186
272667
403294
618130
678331
507456
190366
451810
630093
992761
584985
487532
138122
767007
890651
13634
1646
483056
331386
384584
233482
379468
257618
317984
806856
790423
632064
24514
822985
269857
894598
385932
364961
829021
143820
230105
758231
662068
990740
974451
607295
66423
333452
938921
176923
273942
190362
219853
480260
237087
312476
755296
378600
555342
1997
651666
607575
950138
403475
174474
114521
3466
569696
110277
346044
931289
562502
460812
496482
68317
891037
261300
512201
559298
605951
80262
418926
425024
787636
728546
213936
376359
691287
586759
101359
771133
13066
183337
674702
523503
823120
837333
858044
78103
691838
525305
920768
775072
992022
464697
627209
586912
292330
584511
1065
90759
164628
113571
120836
313735
464545
966872
430777
389334
97751
381590
186462
480182
365415
211186
456727
122731
262064
175581
796653
497691
626306
310397
763161
982590
173472
2693
516282
649078
109742
44195
128808
171662
747978
2262
538101
671930
879261
381131
792208
373959
18945
182601
552970
878164
242104
380207
342011
342934
481545
916539
733829
866767
672191
628805
175209
345462
103801
198185
712179
179504
187000
342118
24010
967764
404961
918521
275608
530009
192347
704033
820036
52228
672712
2922
968711
738262
554753
683253
315806
496830
647432
179741
910286
719610
652989
315826
277510
340422
842642
712287
264448
834913
612135
935719
30864
845998
99071
679406
366811
980376
693492
578855
952013
843319
471508
87827
398858
119055
904255
967163
490308
514659
647437
240612
501321
158843
182252
457470
131673
471425
18481
285800
429970
506743
375040
977391
63596
646824
266935
634875
282926
979626
22848
632051
416370
229067
866913
666310
121851
435738
122394
930308
826394
294749
961732
276481
725186
590503
498601
16044
623640
154365
624733
105221
175906
283620
438243
706999
10575
267092
608517
721254
392336
47734
578664
797958
425129
691597
517218
498455
193805
725332
900715
6173
389488
570436
2962
174209
44856
65090
490169
96634
205174
530523
376530
631227
558950
857586
209501
182966
558688
341512
117803
163455
437545
622486
876705
687406
510858
843717
323763
823093
91993
437131
925553
473904
444006
590069
602058
966
656191
485316
944718
107553
408481
778959
203927
474474
78962
602046
633556
743650
746508
87390
324998
12643
684477
323501
82643
584595
554386
819646
38238
221414
455083
897506
913716
509494
305906
659374
895840
818537
66272
928666
883363
534076
63995
529131
526851
406214
456391
781697
600628
971690
766849
916503
903877
147240
864053
101631
460367
855196
840910
2452
921709
764062
763801
175201
2374
180968
284108
234728
385319
617819
589584
927284
684847
833369
476078
224142
13343
494802
720256
160965
730473
282530
903
652215
939236
583327
753497
191120
971790
487202
863239
205848
65100
308311
98264
774053
430925
80710
533531
572151
899220
356215
971019
590195
861523
3380
583686
486521
770107
94390
526803
800378
622599
526230
566819
49099
631031
56917
644960
740904
82755
42895
384024
944775
736055
949580
42744
1140
131070
24629
175936
484487
529455
28296
929539
786532
275341
360617
110851
2143
988066
173610
642851
448721
473388
476747
994169
615677
422677
665836
506881
3579
104312
805158
760454
451620
880951
416849
111229
728498
88264
733228
548542
288765
478602
746894
520980
192153
430814
755260
462395
399490
785143
421404
937366
785894
219459
427267
958281
825107
850709
625970
794142
318871
3688
265807
736683
740624
158904
136435
895123
862633
509786
225062
381659
396184
675351
597885
776309
411192
866055
567896
45548
991055
209484
25521
285274
778413
767333
776653
754518
684487
487461
411858
936308
8557
308580
173814
772004
274713
276023
450
25089
497268
736818
375164
129878
569759
834836
398982
513830
693563
956162
86578
740215
908808
353148
94397
470161
948205
469539
355639
944358
133080
298322
510687
554926
583307
205933
799194
540644
99512
838638
539547
288684
153605
168967
803887
72910
709313
507320
886699
246660
716914
790706
944399
272511
81052
206068
838177
317186
880563
115119
300442
762902
960300
234868
777720
570095
489857
389068
766264
105540
32517
204047
740848
846206
86497
239245
620524
538695
310801
113248
78519
704277
637612
931174
590440
144990
99131
509873
196197
416789
667916
324097
439925
149087
408
900776
970344
1760
378367
442749
651145
796480
158451
879226
702689
434913
322162
229497
759880
99066
1067
696175
516343
367052
606849
933944
3237
633241
713469
730620
291579
875187
153030
802660
589482
298379
522684
48448
678467
842919
3687
435051
865700
71787
108175
833326
775820
112111
220863
6917
245717
320751
173939
843901
835915
653544
378430
818721
115679
318240
869123
938209
780127
482774
158198
477575
82572
510557
965290
491649
366353
115472
18452
481582
752138
272232
952774
993342
122213
595857
807459
670715
821435
900843
916821
174172
154105
408694
903777
738651
462131
554719
474371
338590
998498
987602
360628
500374
964785
922519
413041
541254
874926
589152
905321
297036
557823
420264
872305
702001
516462
262288
962628
167730
827191
826116
3232
420787
60561
1758
578089
468344
911274
119201
866509
997320
111080
718635
664736
201414
755935
231203
554525
936363
389178
209336
455792
853114
6918
109759
836089
594555
472344
924069
711226
314412
780227
51596
455988
130986
358696
25979
947655
570026
978365
689782
690214
880609
587943
322158
921813
219574
526500
289105
273966
725055
442933
751028
582257
396067
404326
834070
894712
302692
12768
791798
714575
721655
501055
672755
755946
1143
24362
101840
444243
676082
76324
664544
912908
760075
5889
271695
320480
944295
175862
570619
180525
697950
743675
273132
36840
723539
921
925627
510286
13221
698975
134341
628326
522469
853233
582254
940052
843442
984105
742085
211232
168515
953717
332209
335103
332513
806750
310938
762198
14855
300740
418070
34391
365968
403317
722031
119880
586380
435582
783919
595975
795569
783444
354379
592105
883543
2927
570110
927296
799260
2766
804195
549637
209481
446884
675088
336875
52647
195687
875025
569946
647587
212385
595508
775664
690673
564281
672629
507329
885684
565115
660413
706402
370808
220658
449801
1456
748726
544654
624428
258080
896607
713472
123997
130102
855295
481526
397500
815654
853377
738174
753780
608916
496464
1541
960302
535958
175995
51922
731134
2924
161051
972159
568785
577415
105233
758929
29865
191985
242512
584000
910741
90775
754889
371206
23848
266777
998021
632665
771456
838889
960022
228503
783341
389868
309727
169404
40120
499544
991936
846736
466609
1645
661459
804360
693614
303441
66315
309531
813978
579590
232443
374630
992132
891097
506176
83621
635999
198662
524348
652446
699236
761015
211680
334083
95420
59533
492904
58729
676989
78859
552063
681538
430697
60430
625784
97242
191923
265944
907300
115902
81630
830038
345232
3075
372833
756612
254384
695862
221912
975005
705627
833515
416350
662857
567404
395771
50739
842211
782499
994526
214825
41926
179548
192721
884102
985905
377
506733
939214
151839
688191
14664
53306
764239
760359
563534
591507
192421
412156
898540
143377
2263
500705
326144
228455
984285
544779
49926
207635
761522
608898
962636
1050
408287
589281
371191
627607
71673
322969
150326
811498
73294
856098
292537
591168
335640
608153
456110
82234
169845
507771
3465
101905
3705
680178
613659
705871
613229
478164
263712
456136
735543
781769
36844
737281
646475
735780
66429
222456
385310
108126
197015
81690
400943
369666
828518
836896
172386
553177
667943
773928
737042
225260
897768
980349
974929
126251
646924
672190
986295
495218
79711
450574
562141
330014
885582
158988
215734
705233
287452
8986
805638
383998
82751
304907
780137
482937
984449
364531
925728
457927
533405
927510
715434
824968
851362
448063
61271
465696
961019
166422
331484
630110
79999
566756
119455
801739
288039
370594
638281
109899
384718
649912
539833
372238
727051
947608
258657
295035
641291
882932
384810
906296
273874
709599
819386
696280
373340
86502
167933
863704
128589
713585
411623
637221
633707
21417
723227
700649
104274
293204
779285
399486
626328
325548
283710
468755
226469
128627
973800
200236
46854
471264
211245
749983
469041
557530
458395
58359
231058
416455
182323
427867
24333
721717
530543
81054
21990
220092
297908
272275
414902
437540
455310
860454
298938
353094
546549
588286
458590
622598
154362
630852
151998
930540
709288
914781
709638
808587
720748
258095
55315
713468
785089
279885
728056
682183
216453
616073
782564
340073
960073
95143
447187
984072
578668
531023
450149
14933
263071
521
287280
480814
738650
316635
306781
956459
742738
851951
518728
252802
8571
946650
120294
962026
610829
4620
950124
14536
474264
736254
739581
505081
958172
318047
2997
258152
129026
620654
377606
252922
336820
911085
887522
947212
301560
147853
511286
538666
402867
1682
683146
999172
334210
775304
3381
747557
145074
249376
617662
845264
402173
369836
166067
51475
6564
165540
981621
208425
211070
393779
851183
983768
778843
693904
466878
699814
222487
246480
846815
648681
4659
756246
107221
294111
286753
907124
385489
456136
893394
255911
520768
660685
31277
133073
205701
7910
411056
444639
883867
552594
992378
346316
895634
856816
847459
888129
880128
375601
356266
723815
600036
847575
961345
775362
262437
603209
576506
21550
787340
942353
612240
50578
539576
458906
639145
792866
664237
362171
270
191873
311158
811690
938399
474611
252388
2189
905919
114705
324903
848376
995621
1026
542428
465039
123804
666031
120266
323555
653296
756061
778046
326777
693699
900905
338074
292377
623363
650375
316847
465293
540729
3541
136025
993807
594
392766
935266
752185
85212
740341
446191
250048
840355
791101
1833
586424
572544
60832
747512
145305
668813
643120
936424
553546
609015
794689
674545
253613
11184
350103
354537
371509
580742
415463
36423
112706
737253
640863
131562
116375
282744
667913
827724
704989
615861
802210
94444
91676
27138
767169
719046
312621
492612
211389
158788
564063
229435
402763
536521
947955
653154
43820
928641
436084
497297
900645
297238
142365
939110
170071
481954
86510
785688
676752
181741
411975
132086
408306
338489
892530
583871
513496
158398
636337
3383
813344
119037
546077
281636
581381
458635
118946
428939
986097
960067
793472
793138
786132
952441
341304
366902
933169
786509
835790
845858
513619
87958
389658
132680
29795
310537
256827
203215
96501
452381
250295
415545
570161
280132
659227
976177
868212
159828
145706
735216
339014
974216
789924
401719
19850
252651
669749
917712
376536
547604
107313
257299
3003
564558
163039
24037
439624
86549
494100
2449
464104
914681
554589
282697
361310
82389
355103
843133
87388
950542
974141
719429
66687
827126
32534
104746
640596
355579
869703
976456
616598
373839
970898
369734
153104
871143
398471
120185
288078
304828
229205
734281
635980
788212
315970
861357
66041
82830
342145
898056
277054
915923
796079
353876
464352
597441
188089
686204
382297
99910
519805
257628
560517
812523
315639
252860
893665
152242
79565
195932
983910
984881
627860
947076
226291
812768
306128
527921
407060
106981
206288
216202
77557
518463
460331
163940
415947
478275
204166
971671
251045
618738
57275
676545
301624
441263
624003
944013
864245
325408
260707
861144
418684
847697
159387
692405
189387
261134
1380
430914
422777
196513
622790
47569
92704
950367
402703
198211
717525
980717
729139
119143
560392
437484
211445
736831
215083
394381
986623
515661
702810
803191
483938
221471
390788
769505
789013
688825
218598
673618
88493
474291
110814
873918
6266
635896
536216
847516
621305
407209
97980
555463
995133
904385
491742
73622
12767
3578
461925
157993
405303
679707
623050
974780
583075
576086
721598
365415
183622
741214
563441
869590
908931
890160
216520
346590
234832
604293
433277
137001
155107
564203
575777
616456
755209
61768
24696
819325
869620
546784
7138
999094
482735
505758
765834
953566
73885
586506
928543
828636
212156
629432
373440
599094
881917
708398
169015
291821
214059
353496
888228
519056
838739
2226
824184
981573
427792
757131
677557
627624
204546
301135
847820
102526
420314
429062
846300
798720
3467
795063
523686
307632
983900
894269
949612
194817
248414
734180
272056
457471
577021
345773
879496
301277
1836
55531
814825
997105
30314
296248
409904
670333
145167
79304
435017
730318
404364
629478
841091
168992
472991
509269
280762
525602
284500
567471
986545
933322
353061
712358
727369
756406
744365
74973
74195
17851
354071
154201
502523
490915
622040
795649
403287
648113
172869
205434
660284
509279
116802
425510
395980
182485
388594
815505
331174
907327
829314
741747
127956
945422
652055
209366
140039
122259
624237
528267
819871
176945
651283
326875
648780
723876
696780
105020
2141
433689
403169
861405
198019
207027
219397
961408
246464
578880
867449
230169
859851
981787
904061
563400
104178
14444
745775
476699
858019
31572
140176
996897
223409
560681
634853
380602
372822
84766
990309
35402
820618
348154
68927
499097
74534
364599
817887
598281
733717
629719
766046
716949
476939
977458
48908
63088
265848
474211
797570
40096
823469
463033
192286
504773
376275
663598
774342
280216
794934
811707
949201
452215
736713
317330
162986
215357
828174
515321
756308
737621
702958
901830
845152
827449
745076
327124
683460
339203
936841
639927
458511
7878
607050
123116
737500
504100
66690
968089
844720
219865
372351
297097
889725
399809
783778
828673
535885
756509
718456
546475
585399
68095
301608
587490
29290
147405
475234
651705
585853
176586
827046
736759
344000
3617
105345
2301
434129
277655
252925
435518
12356
26303
923222
361266
700906
976282
115198
2380
727746
416083
944127
153938
205215
216665
699264
779011
412338
108459
756467
325839
595119
105128
345871
375866
515625
108636
281049
938733
61320
115237
764942
301905
817395
310651
880084
375811
153724
533697
543122
644969
845142
849459
40426
467994
408572
28885
951249
922081
493942
625865
270600
487114
954316
315253
630888
837863
289274
773560
135962
568372
732663
349491
655461
315474
251111
503373
526314
572447
272255
161008
82329
471516
828282
699486
955791
900215
343730
428702
134135
134266
572913
418375
285881
150823
114081
786378
759954
811564
909749
532623
676864
814061
827677
927515
700703
756638
568381
509156
7605
808230
266376
599080
489716
23620
149416
740573
508215
802013
182488
458443
121261
443847
262525
227530
87325
755584
899070
655604
311505
863263
30965
311296
785176
831201
810285
990874
823501
378860
951935
390339
179589
145644
984028
742788
746123
652184
320289
449482
512396
521346
969425
120148
319292
366976
378452
720717
944275
62384
706603
962635
519881
84958
461318
732376
686944
419462
198667
786562
594316
12362
197844
422727
208819
52012
507251
881431
862289
312292
278922
230907
357805
814522
460591
659677
475882
314260
642578
409830
566256
847923
409912
225363
959521
298560
952162
952357
158026
211096
75351
37171
825349
379880
199409
970193
733843
893870
306047
147004
259777
844713
964140
777992
687471
72340
2813
911585
639104
795971
614358
31675
432651
473173
204567
231235
743932
642273
515311
717870
730604
324428
279747
396987
303069
563062
5196
80903
308756
114703
776146
679167
37949
726776
743066
798861
994337
46559
942676
501339
23940
705151
103423
20963
481756
245878
71797
652763
691633
527
706417
482172
611158
521772
263612
79802
462959
615370
208197
260435
871427
105833
830367
68248
840307
583801
971946
288357
94004
516981
850621
794929
962271
1210
758934
961687
127694
625227
380245
423777
541405
685116
919572
51190
817947
898153
162058
26384
14682
810166
774334
870943
879199
888687
879835
109161
39408
390851
394551
160961
379336
773398
110111
258832
309032
103470
322334
694804
895375
8419
906
471688
29207
268931
226083
279496
375110
373884
999940
416603
352718
544779
27863
938303
833
696381
347151
487971
653909
995398
362915
375669
630456
88143
318644
668625
773017
13279
122455
754011
921097
856917
644996
2886
957223
819581
975464
479446
237222
116236
199782
259985
7931
171869
619317
140828
607188
223485
607180
555962
831999
741501
421584
919379
59227
275107
235529
911253
685712
676012
962875
992028
237620
392825
584645
310120
713499
839908
404300
555266
309813
632313
565676
924298
80696
189425
937885
44572
308598
693097
873374
446968
3088
653792
655270
722486
158955
626887
365812
964629
9806
121423
669415
421161
637421
331154
24424
551913
925131
459823
193395
384991
352827
423125
492881
99546
803707
548189
760781
431507
153362
755472
30666
81124
881821
273052
723884
345821
540968
496501
616343
778187
136555
816446
819678
237431
759745
292270
281378
333864
598494
960537
713473
288264
506052
753156
676124
347901
357126
367034
33530
328938
363470
11743
469777
295678
904921
837575
945030
331056
784162
974424
566390
742571
809529
253935
87932
219541
238079
450740
335817
505989
796811
994037
953223
239013
935554
159276
95399
324811
463572
679690
414555
988411
313871
759312
729059
74921
466448
712596
605832
762558
426804
329308
883740
828679
814172
552003
803478
366725
689654
437239
548627
907148
38717
365251
129662
985396
997496
833719
686388
897620
526266
446533
505217
781458
420974
886467
435042
660360
190667
398062
468955
523428
91193
245704
138975
2851
695929
483288
959677
360705
370703
140675
447535
687371
662780
284001
500893
247513
356304
766942
674669
367320
574357
112527
147393
543991
43024
968631
461263
997333
519680
254827
28782
871952
487056
150625
857756
410101
117917
431614
326682
331164
437126
481289
350730
71268
104702
676086
510054
16093
497435
248543
949729
664667
449191
747649
588434
375316
205916
84162
368476
480166
147851
692174
837210
564274
211616
944764
566336
154146
99560
375048
560934
121334
575383
470580
22071
117862
224963
577783
396959
616540
392995
40390
1212
304869
683421
903502
315350
989231
655716
48065
171781
479115
197268
633657
802464
69086
43791
450650
565855
592334
514624
211042
735746
557800
761324
476123
749251
931613
731229
353747
241907
753607
750490
133023
941772
42236
69653
915286
589835
404337
60219
359471
862970
686403
301349
983513
445529
441491
578048
733204
753863
420610
536779
435125
963169
873955
440243
620537
727463
28268
382115
518534
682532
191964
735232
746498
757
523521
86548
61716
843600
377124
832942
497540
522897
236562
975696
967956
362337
607294
549700
255429
992041
438931
795295
985034
562177
302275
451408
911172
641396
60203
30378
812222
860580
126913
480590
767739
579803
49676
629909
752032
412150
260194
18125
3503
493953
30162
692726
120021
895179
184267
704583
849276
179775
79192
924999
207468
107737
735061
237826
364023
642108
294305
835355
541441
525744
276158
565264
333538
431933
940610
606214
496565
505809
149417
390881
549095
544443
510192
923238
668643
949714
627686
52187
207425
450180
998209
926067
150108
572563
830753
147013
827046
148312
596227
235662
986261
905249
539062
679528
430784
43864
188408
412376
676711
991644
403316
259135
124317
465371
823733
835093
783909
634792
96535
77091
4917
610845
320004
630085
910717
863710
626259
293038
737058
598037
445520
56188
39532
956823
193786
66960
382541
290725
269657
412103
772112
596000
289881
82222
83613
302508
876690
852326
177988
441779
328763
358605
409333
229898
605217
772740
280151
398773
846010
700193
211233
506851
781868
666626
196364
497127
337996
810808
616237
314183
689018
321122
510606
223824
312734
264890
520715
41182
156531
162818
3398
144476
648557
161042
485352
198785
784160
562565
357252
489202
766519
428307
307508
576969
390180
433990
67432
130814
597449
904007
71502
4470
713803
134430
199332
792876
801023
797698
738739
525492
74681
825689
996241
785230
147308
273982
942350
771475
447773
546005
295053
543184
80013
444832
9802
43413
695904
320660
653134
791666
611644
881370
168274
30323
777263
386245
415912
412885
709004
82348
855604
376662
602668
166394
567613
337478
451236
484989
590831
6524
147641
73596
56893
163287
246512
319177
182899
287891
850649
398639
160456
159822
859842
563814
94206
955756
65516
579823
803236
356838
790725
915507
56956
747953
431214
423302
394951
198661
29371
524560
635173
943844
111202
518395
753079
107756
693488
86855
357449
604441
211353
879648
362175
31558
62774
497317
305780
503433
332611
2304
743429
76860
906225
140013
644940
903164
246639
137809
327700
200156
886899
458170
7359
726024
631362
829399
463776
507136
953921
769572
970534
109289
567357
382612
160007
115546
121640
194960
496046
222809
955262
985307
118947
104206
589996
495558
792314
242023
467586
298876
417996
656841
609533
794348
341797
636929
817263
681091
208882
895074
76864
596797
625132
146176
374733
194557
544630
221822
914458
908419
994869
807108
425272
998786
547241
116417
396721
644418
138440
852
147247
925736
573597
921703
107458
147297
752825
521115
498285
19877
294938
155055
705246
107232
921430
986315
968899
14229
508575
851391
756633
146535
570956
344452
639937
732838
834052
943346
767301
159825
769025
949549
829848
546635
288247
323765
178436
528449
283586
273749
863777
650432
648976
570212
415181
929294
573899
539474
649407
34436
780758
625355
862497
684237
873437
600387
762987
222976
230655
868321
782795
787988
922581
206715
241722
562986
92547
609324
261731
123495
224351
570417
642754
445312
449618
675305
794710
233315
139105
574471
384733
29267
283328
120968
689146
567973
306218
308500
465429
902282
311189
931494
542933
441123
179207
924618
11915
714447
118260
803889
964349
18354
287576
105807
443045
990107
66514
786650
532933
328214
672477
702973
716616
756141
501466
796247
853589
439340
544496
196332
461580
889049
232808
743570
651870
251448
866387
865692
881436
801228
783266
328581
674527
952
449457
8774
764624
347626
269387
848062
117984
197614
209946
414966
222903
646670
211381
512144
569008
449157
13108
535227
527178
622797
498960
192955
123462
896535
729559
620915
492285
734511
415413
134313
403531
376887
950928
244625
954449
246316
378069
518552
777595
554047
276263
110675
19560
35575
671058
230612
865904
330490
789611
394736
200015
730082
270146
962024
31870
290932
866663
341795
85224
671828
202537
643556
184351
604829
837420
108166
440204
2696
520
886490
608441
562619
621005
415254
570711
818340
710262
910413
548315
285935
353438
570123
619427
203024
119748
786974
99612
372731
236093
80777
660001
920500
805708
681191
406791
463297
49230
923613
72312
873666
953197
367705
836188
32605
674958
859152
363762
1292
523210
703998
760164
329813
243207
90391
673814
859723
632623
33081
385761
539920
268473
872891
704520
596822
413693
686640
85082
295615
565694
338729
413782
611581
869231
28015
582133
792940
999592
289823
578789
697924
676134
959702
403071
599668
183237
929735
934340
404447
982391
90944
705480
346810
430465
82204
352762
765681
108785
89001
299893
370058
120698
830262
217972
169654
401383
173214
909039
750827
222760
29694
102989
990652
65518
608237
862400
707387
703598
906533
731925
523660
721566
178660
987737
213225
590329
33111
513492
974423
641347
768544
632778
729107
277091
214541
83218
871863
553613
585643
574266
853253
751119
901164
338603
764971
830494
841855
985100
942391
908346
756
627164
325366
945848
144281
245049
736133
816028
431582
288258
851159
208226
85386
684804
536417
126184
256010
329453
474080
737710
598900
611004
963965
613255
717951
564480
996391
155522
471827
738885
590009
47841
652772
834906
81902
330358
279059
430209
599370
421220
51378
634838
424592
554868
392959
237261
935050
610233
672905
41409
204339
673870
198246
640901
640364
821001
603773
891272
472161
749214
100507
687607
696773
438955
475248
667425
175699
532147
997408
991425
831597
778198
10063
94027
727855
511556
124900
939312
2999
985916
239029
405199
572214
4477
677283
137423
300644
836386
694834
65442
30174
701988
216184
280858
347269
833331
1759
73483
869623
288220
383699
452907
477939
770361
381343
259908
353181
529277
862399
130650
859496
547832
482825
999992
530241
977554
525972
250829
953588
270863
408356
343600
213072
117341
615191
462237
504481
676108
1993
855115
223024
565762
790335
434807
838599
892526
776114
444544
83771
191570
413810
629107
734810
519666
480482
589878
243153
651746
219184
739086
421271
810362
643183
230287
32219
93152
96846
500259
836424
833089
809335
396023
736364
925900
742936
157860
377258
270276
942654
65181
771674
409324
86173
155742
232876
476317
244389
282869
269030
747961
969585
226165
2925
530350
128242
818996
363546
614592
404955
811867
646234
506084
380772
239397
772078
930449
949440
718190
486279
205497
552382
840265
696461
397059
365636
239605
32723
267598
42772
194552
676161
243693
905279
288431
820684
216570
784923
625345
512134
696946
41642
586287
663666
685508
723116
955818
806692
974196
352532
861098
32622
927270
48628
200527
741444
784667
109526
889357
824636
741627
95123
48700
96075
399674
394872
646339
633228
426691
633326
20658
471426
628454
675514
18929
454090
167822
870022
858539
497550
246594
687171
459896
375010
68138
126341
239806
217595
351068
189312
5635
260630
798359
828378
640699
236475
728742
19111
25889
557664
523128
510168
984425
763241
450701
103633
520928
542812
868819
137657
979809
601699
592802
37275
640812
975691
733167
350841
711571
715675
330825
12520
729586
467295
275434
716952
205179
636372
243159
578673
274713
424151
98767
959704
316958
556121
404405
941456
490528
306719
177685
370630
487154
835163
175106
883644
466114
616649
727509
417093
170365
672192
820937
401870
406032
515606
457336
634623
113234
569091
419707
470240
277855
999867
832569
271698
542773
461402
462645
220394
188424
913772
396744
969533
668905
749331
362006
767329
907184
836192
877986
19561
595988
79892
166667
179712
317241
559521
343690
868638
629379
269124
476455
546694
530673
279948
500972
946110
498590
130125
16490
144448
15177
190993
880619
868795
269446
111096
666855
994914
710080
877574
198753
550046
696156
324529
989966
348647
766000
739977
598879
790174
901153
219534
427860
933208
17648
932708
603352
159788
804392
225837
64030
36902
789110
622790
604539
804820
362627
790603
96320
283796
122466
413633
769410
319848
704892
621093
198270
318181
990888
89715
25970
460276
666520
632553
150171
85271
144938
980016
701310
322658
178899
14927
453476
825777
925667
15577
892043
268989
731311
536631
847957
498077
527586
281183
969657
983766
878743
908155
761237
72676
374
52875
1683
705489
647046
818697
649432
637220
243967
911243
642213
28979
223909
239549
743411
594943
3429
896581
216941
140231
68748
787232
4786
986027
310016
701678
717840
366828
375814
346853
430845
953231
998856
900413
275545
608356
491999
754083
804222
912250
468141
817013
393453
917551
294774
507592
380226
234868
274651
64394
286230
769684
425651
13554
90996
800092
960098
8977
714681
228894
388559
228573
561424
382609
963271
540486
302217
535512
626221
654973
992984
315616
534261
53252
982937
799804
679780
222078
770325
754799
828555
953203
31475
724644
616120
107368
734120
834754
724473
343789
197468
512708
107797
595624
963222
701440
979332
462668
372656
168915
204635
671281
793688
167128
860409
278636
423306
145020
883720
951591
465103
472943
503599
548003
391572
1102
61367
949041
943909
882790
537842
110814
853350
55238
726851
344626
857837
40801
920553
303651
481675
932085
87247
123200
3692
2921
5948
426091
941535
986268
623588
367357
581937
950483
533786
192934
970780
984577
518099
2044
895229
816420
833006
533610
697668
457757
989678
835360
248271
886761
518878
685023
71262
979355
391645
341558
165611
212814
642530
244608
1611
454929
296296
595715
383874
691644
622428
360366
322837
440815
94416
633290
61468
583361
959945
423711
115937
546452
451449
866680
637133
541036
595267
761789
2146
627573
139135
473879
839829
822417
906003
791595
18203
128877
956844
403582
380108
307757
594759
418232
656317
430817
788304
608087
840577
990896
836377
12342
818154
202344
487525
580800
429710
579979
350726
848844
583351
896431
697632
840301
683151
683676
162152
315318
602658
483000
970442
115926
826125
223037
842727
689644
384172
226513
889468
991721
837586
163007
650440
56931
225353
272603
56851
47799
917037
414360
45983
884151
530349
678043
536165
565345
606738
449876
714702
461846
56979
426302
169489
621583
934097
358474
52140
392625
543596
50641
935706
767102
329606
414651
961070
136421
794101
638354
528824
869329
733794
474314
513729
217034
795422
392560
321205
855520
267146
50176
560713
924855
732950
960778
909
464841
386546
1213
577639
476161
886605
421952
960900
340566
93993
349919
900813
603520
519671
976990
529280
358906
121658
767447
180881
865633
2451
247005
548038
429343
933319
798315
638645
167220
578621
208380
223851
966554
135185
533306
486077
886247
506875
453518
826942
869343
485224
996303
572724
953069
425688
380514
775142
464611
332574
59182
901817
790236
490754
320527
473998
417295
595477
858870
150067
633651
958795
429676
203924
615127
654458
64251
95035
632238
974176
567724
194809
359444
438451
960395
798868
851241
419387
456467
547653
710737
615325
548069
930852
2961
508763
926235
654481
247953
896190
988062
995525
175252
753207
758779
313529
311165
924224
891887
287463
597880
900417
789955
426468
393146
95399
343431
527650
579922
43661
818325
228147
216396
653485
432609
991
659449
934163
542419
489433
929397
255551
184910
742113
592503
18472
461131
612089
423796
278135
945638
872272
812329
948852
446940
605209
621836
460097
155471
37403
361755
40070
23818
147583
388480
84942
450326
970527
2338
375063
1304
267958
461221
604037
630063
226354
555326
44202
176923
451867
126590
316646
162441
594738
738829
382584
688687
497343
774745
279722
721554
714035
430943
481041
11088
446037
221513
243469
920221
497691
128970
236983
848428
215063
565514
638181
965404
995965
332192
46962
478820
361209
228854
232524
128500
44094
89365
749107
692549
191432
402023
588313
337209
986596
883661
112712
6587
842517
149733
596279
800530
16748
669369
534120
671014
880697
266913
392055
173975
331724
673745
818832
33813
557659
146253
895328
144705
887010
843420
156102
999424
152844
974006
574725
195311
325561
248903
666376
958145
977525
335409
590649
131170
416672
4867
404390
520575
96402
660359
513037
677459
353498
528678
73644
59468
358723
462662
673197
356022
210138
545804
606184
936964
889274
954172
564775
237675
655025
566813
292972
161740
707060
14064
117945
863603
172150
567110
690480
445779
88776
487905
60895
945656
243115
619515
28189
537035
665153
329023
207816
765766
722201
20246
443051
304574
316875
530336
451104
503240
867435
34306
998505
680688
571456
793033
923537
384321
213141
805899
263664
988236
711887
890236
922853
164775
689943
68850
655989
501181
34781
897741
600558
204866
207369
861722
611253
713
728361
1686
971919
169789
65668
855557
586351
616810
751151
252424
365935
249127
295209
666780
85787
307256
980229
507138
955426
11620
924682
461893
837581
32108
556016
842259
62072
370164
219099
385291
860431
230881
960836
25893
395051
325523
401215
755805
828088
800586
679061
131680
342486
486589
104763
2377
854497
893106
40098
378338
406303
444920
429046
703515
737203
581029
446998
748718
921202
555955
811369
635250
553645
891477
74769
3161
2854
139560
857220
450278
32165
539921
43741
97272
236301
366420
581293
659152
454133
347998
442442
175503
223033
785304
264482
868566
541221
824297
183833
506776
7855
426804
799005
641411
805530
642215
98405
254622
507608
596492
809586
168816
522933
493265
674118
3727
506839
581910
406357
220902
924265
770855
68028
992944
401413
784335
819098
213511
376037
518567
197126
413319
921164
370963
348936
983034
939161
840178
871817
99507
243670
3073
367128
624184
888845
467560
14178
718858
122538
677013
156839
760160
309809
13673
914851
14945
761516
979144
485433
160825
265995
178052
696414
321353
502291
989607
169506
279437
162209
560940
835022
975047
141750
561941
312240
150406
333000
328329
172409
383609
351150
893748
910131
61869
362701
620006
724013
213721
600679
994
935812
179397
727773
875366
6758
223186
467575
328920
422652
529224
692583
937229
187509
682325
101293
477527
609956
21055
805024
174502
765359
283770
941391
917895
250457
116317
44979
285223
622291
441194
489400
24646
525547
989628
684978
679806
549064
413202
776132
73763
361234
188475
34303
123317
406748
899437
801095
921999
998565
743107
340108
212336
601244
812985
147295
279124
488869
793325
794643
338220
924334
742695
299801
858854
382256
446955
94060
506418
686809
747608
314870
483827
193803
422020
978319
956893
548986
939167
339435
590220
712977
866464
371306
812929
142139
775271
242401
34251
571048
428722
237765
37458
122355
8661
989121
354076
429194
629259
825396
389601
76068
641269
609681
627851
299166
943104
999416
681370
971337
784892
460425
27236
233389
35770
584244
428901
358732
145584
558602
727406
187538
880073
780751
141976
397828
971529
785533
844129
818650
42417
790861
410462
162581
456493
339411
972624
578759
111343
227066
404185
27480
611465
3651
677437
550058
382331
228291
7443
409044
778492
2769
399201
733677
880444
966106
289713
961269
454088
992184
409
296984
821227
763216
785658
423218
20835
697768
77551
273760
754057
871697
589244
896338
353284
814988
822442
764447
656247
290894
221036
143553
3070
685064
469199
694880
652919
500387
617890
2453
626599
223782
748399
626143
225033
820026
816853
909523
245611
741382
230307
622436
918629
373651
403527
753364
547227
152311
538480
344585
294774
63867
333934
839650
296191
834453
296574
984068
157327
318906
36688
510799
215980
602556
109355
418598
358436
165698
23502
66041
719819
693939
191040
221702
168712
169259
802989
921099
1835
660806
97040
241052
744233
778375
407559
149885
675327
511989
418899
951373
224470
401772
955990
866734
178016
255242
969459
228936
364872
13694
870137
119853
230242
351009
559594
242311
522819
620503
334743
723667
836384
577599
819616
906066
104330
852031
70874
57657
946828
689909
883563
996417
89255
639605
379424
369896
265065
554696
516033
225353
653144
203266
775045
532264
901853
417058
514569
196584
445546
391887
246270
304439
157313
353871
37856
171711
689925
741881
861347
413293
130693
728513
24588
479352
348927
377939
221418
910824
400641
129286
110544
330667
69026
532126
410528
407256
803253
3233
836949
753421
699189
108875
685852
246961
770148
723205
861932
1529
242490
402911
436079
153249
886824
702705
959921
283191
686117
799157
891541
586977
510262
424244
579793
734002
867274
814485
182846
855686
770867
248915
1614
295731
979138
140285
163178
236715
956512
77159
189924
907744
970442
906113
850719
255284
83016
844064
330690
74651
511128
428020
565535
595360
89442
696470
709506
321304
572137
465683
678745
350067
743894
447366
152576
92795
112491
580794
330096
814758
425141
367496
147593
555643
99021
94924
155283
779065
7608
770853
902326
272269
823303
697093
298973
824598
71137
49422
39787
14622
648907
566691
584510
367615
876221
388646
638407
673836
964986
46193
452511
685290
141506
776641
301291
553639
740650
536520
486978
404939
538673
200496
331687
736109
61392
887987
941341
238953
69932
948334
701653
908307
435478
104048
977591
524080
647071
312740
13204
164473
284620
797309
254509
940613
135141
447552
672922
803912
616052
492053
2231
202946
803174
478896
335744
565198
551631
964867
596314
270690
485
519867
388956
268522
596664
501671
621080
509
764707
358535
620033
678338
303013
64226
840529
452065
698081
252485
643046
921774
852412
822104
897639
23830
467788
162468
348624
184663
741234
758686
213710
75257
429432
