169
18533
68212
55055
10432
28652
33133
14578
15530
24232
31697
88550
63534
55551
69030
15718
4109
23009
35012
78202
59425
87406
84898
18433
75369
6854
55272
31654
66830
96065
72307
35224
18371
90520
74996
66811
93883
37977
19912
17590
29220
32870
55971
63680
30343
55297
57828
19312
76192
75652
84708
98584
30242
38373
87855
39196
97662
43855
24247
11144
25984
6261
46807
6147
36381
76791
32087
79426
89921
86898
75230
94482
38592
84022
28997
3637
84397
3581
88749
82359
71519
45304
28476
23765
66301
99399
74337
91219
37732
98659
61635
21543
37130
56240
58746
69133
89910
85736
57255
82148
54580
90034
21385
5938
74523
48590
61797
16005
46688
28858
48906
93060
57925
97025
9124
66096
94527
5550
53747
65913
13415
90644
74699
51168
74484
21476
3932
91757
72732
4733
74029
20224
76126
63079
36354
90916
70544
74144
90124
18686
36675
77863
50837
4246
35419
34288
39721
91631
58108
41449
7229
44730
5800
3409
13060
74485
97892
72336
72794
96111
74510
75249
46959
46555
49376
76016
92166
46435
90285
16273
